1|肖申克的救赎|1292052|9.6|1994|0|0 3
2|这个杀手不太冷|1295644|9.4|1994|5|0 3 6
3|阿甘正传|1292720|9.4|1994|0|0 1
4|霸王别姬|1291546|9.4|1993|1 3|0 1 13
5|美丽人生|1292063|9.4|1997|2|0 12
6|海上钢琴师|1292001|9.2|1998|2|0 13
7|辛德勒的名单|1295124|9.4|1993|0|0 12 13
8|千与千寻|1291561|9.2|2001|7|0 5 7
9|机器人总动员|2131459|9.3|2008|0|1 2 4 7 11
10|泰坦尼克号|1292722|9.1|1997|0|0 1 13
11|盗梦空间|3541415|9.2|2010|0 4|0 4 6 8 11
12|三傻大闹宝莱坞|3793023|9.1|2009|9|0 1 2 13
13|放牛班的春天|1291549|9.2|2004|5 6 9|0 13
14|忠犬八公的故事|3011091|9.2|2009|0 4|0
15|龙猫|1291560|9.1|1988|7|5 7
16|教父|1291841|9.2|1972|0|0 3
17|大话西游之大圣娶亲|1292213|9.1|1995|1 3|1 2 4 5 6
18|乱世佳人|1300267|9.2|1939|0|0 1 12
19|天堂电影院|1291828|9.1|1988|2 5|0 1
20|搏击俱乐部|1292000|9.0|1999|0 6|0 6 8 10
21|当幸福来敲门|1849031|8.9|2006|0|0 9 13
22|楚门的世界|1292064|8.9|1998|0|0 11
23|指环王3：王者无敌|1291552|9.1|2003|0 9|0 4 5 6
24|罗马假日|1293839|8.9|1953|0|0 1 2
25|海豚湾|3442220|9.3|2009|0|13
26|两杆大烟枪|1293350|9.0|1998|4|0 2 3
27|触不可及|6786002|9.1|2011|5|0 2
28|十二怒汉|1293182|9.3|1957|0|0
29|天空之城|1291583|9.0|1986|7|4 5 7
30|鬼子来了|1291858|9.1|2000|1|0 12
31|飞越疯人院|1292224|9.0|1975|0|0
32|飞屋环游记|2129039|8.9|2009|0|0 2 4 5 7
33|大话西游之月光宝盒|1299398|8.9|1995|1 3|1 2 4 5 6 13
34|怦然心动|3319755|8.9|2010|0|0 1 2
35|窃听风暴|1900841|9.1|2006|6|0 8
36|天使爱美丽|1292215|8.8|2001|5 6|1 2
37|V字仇杀队|1309046|8.8|2005|0 4 6|0 6 10 11
38|无间道|1307914|8.9|2002|3|3 8 10
39|闻香识女人|1298624|8.9|1992|0|0
40|蝙蝠侠：黑暗骑士|1851857|8.9|2008|0 4|0 3 6 10 11
41|指环王2：双塔奇兵|1291572|8.9|2002|0 9|0 4 5 6
42|指环王1：魔戒再现|1291571|8.9|2001|0 9|0 4 5 6
43|熔炉|5912992|9.1|2011|9|0
44|美丽心灵|1306029|8.9|2001|0|0 13
45|活着|1292365|9.0|1994|1 3|0 9
46|教父2|1299131|9.1|1974|0|0 3
47|剪刀手爱德华|1292370|8.7|1990|0|0 1 5
48|七宗罪|1292223|8.7|1995|0|0 3 8 10
49|少年派的奇幻漂流|1929463|9.0|2012|0 4 9|0 4 5
50|情书|1292220|8.8|1995|7|0 1
51|勇敢的心|1294639|8.8|1995|0|0 6 12 13
52|哈尔的移动城堡|1308807|8.8|2004|7|1 4 5 7
53|死亡诗社|1291548|8.9|1989|0|0
54|美国往事|1292262|9.1|1984|0 2|0 3
55|钢琴家|1296736|9.0|2002|4 5 6 9|0 12 13
56|音乐之声|1294408|8.9|1965|0|0 1 9 13
57|致命魔术|1780330|8.8|2006|0 4|0 8 10
58|狮子王|1301753|8.8|1994|0|0 4 7 9 13
59|被嫌弃的松子的一生|1787291|8.9|2006|7|0 13
60|小鞋子|1303021|9.1|1999|9|0 9 13
61|玛丽和马克思|3072124|8.9|2009|9|0 1 7
62|低俗小说|1291832|8.7|1994|0|0 3
63|入殓师|2149806|8.8|2008|7|0
64|蝴蝶效应|1292343|8.6|2004|0 9|0 8 10 11
65|沉默的羔羊|1293544|8.7|1991|0|0 3 10
66|本杰明・巴顿奇事|1485260|8.7|2008|0|0 1 5
67|大鱼|1291545|8.7|2003|0|0 4 5 9
68|射雕英雄传之东成西就|1316510|8.7|1993|3|2 13
69|黑客帝国|1291843|8.7|1999|0 9|6 11
70|阳光灿烂的日子|1291875|8.7|1994|1 3|0
71|幽灵公主|1297359|8.7|1997|7|4 5 7
72|拯救大兵瑞恩|1292849|8.8|1998|0|0 12 13
73|第六感|1297630|8.8|1999|0|0 8 9 13
74|让子弹飞|3742360|8.7|2010|1 3|0 2 6 13
75|上帝之城|1292208|8.9|2002|5 9|0 3
76|阳光姐妹淘|4917726|8.8|2011|9|0 2
77|饮食男女|1291818|8.9|1994|0 9|0 9
78|心灵捕手|1292656|8.7|1997|0|0
79|萤火虫之墓|1293318|8.8|1988|7|0 7 12
80|西西里的美丽传说|1292402|8.6|2000|0 2|0 12 13
81|大闹天宫|1418019|9.2|1961|1|5 7
82|一一|1292434|8.9|2000|7 9|0 1 9
83|甜蜜蜜|1305164|8.7|1996|3|0 1
84|重庆森林|1291999|8.6|1994|3|0 1
85|海洋|3443389|9.0|2009|0 5 9|13
86|春光乍泄|1292679|8.7|1997|3 7 9|0 1 13
87|爱在黎明破晓前|1296339|8.7|1995|0 9|0 1
88|爱在日落黄昏时|1291990|8.7|2004|0|0 1
89|风之谷|1291585|8.8|1984|7|4 5 7 11
90|燃情岁月|1295865|8.8|1994|0|0 1 9 13
91|加勒比海盗|1298070|8.5|2003|0|4 5 6
92|告白|4268598|8.6|2010|7|0 10
93|驯龙高手|2353023|8.7|2010|0|2 4 5 7 9
94|虎口脱险|1296909|8.9|1966|4 5|2 12
95|阿凡达|1652587|8.6|2009|0 4|4 5 6 11
96|侧耳倾听|1297052|8.8|1995|7|0 1 7 13
97|致命ID|1297192|8.5|2003|0|0 8 10
98|真爱至上|1292401|8.5|2003|0 4|0 1 2
99|菊次郎的夏天|1293359|8.7|1999|7|0 2
100|超脱|5322596|8.7|2011|0|0
101|禁闭岛|2334904|8.5|2010|0|0 8 10
102|电锯惊魂|1417598|8.6|2004|0 9|3 8 10
103|幸福终点站|1292274|8.6|2004|0|0 1 2
104|摩登时代|1294371|9.1|1936|0|0 1 2
105|猜火车|1292528|8.5|1996|4|0 3
106|神偷奶爸|3287562|8.5|2010|0|2 7 13
107|借东西的小人阿莉埃蒂|4202302|8.7|2010|7|4 5 7
108|东邪西毒|1292328|8.5|1994|3 9|0 1 6 13
109|穿越时空的少女|1937946|8.7|2006|7|0 1 7 11
110|岁月神偷|3792799|8.6|2010|1 3|0 9
111|魂断蓝桥|1293964|8.8|1940|0|0 1 12
112|雨人|1291870|8.6|1988|0|0
113|贫民窟的百万富翁|2209573|8.5|2008|0 4|0 1
114|七武士|1295399|9.1|1954|7|0 4 6
115|断背山|1418834|8.5|2005|0 9|0 1 9 13
116|恋恋笔记本|1309163|8.5|2004|0|0 1
117|记忆碎片|1304447|8.5|2000|0|0 3 8 10
118|谍影重重3|1578507|8.7|2007|0 6|4 6 8
119|猫鼠游戏|1305487|8.6|2002|0 9|0 3 13
120|怪兽电力公司|1291579|8.5|2001|0|2 5 7 13
121|倩女幽魂|1297447|8.5|1987|3|0 1 13
122|卢旺达饭店|1291822|8.8|2004|0 2 4 9|0 12 13
123|秒速5厘米|2043546|8.5|2007|7|0 1 7
124|我是山姆|1306861|8.8|2001|0|0 9
125|雨中曲|1293460|8.9|1952|0|1 2 13
126|玩具总动员3|1858711|8.8|2010|0|2 4 5 7
127|碧海蓝天|1300960|8.7|1988|0 2 5|0 1
128|人工智能|1302827|8.6|2001|0|0 4 11
129|疯狂原始人|1907966|8.8|2013|0|2 4 7
130|穿条纹睡衣的男孩|3008247|8.8|2008|0 4|0 12
131|撞车|1388216|8.6|2004|0 6|0 3
132|海盗电台|3007773|8.7|2009|4 5 6|0 2 13
133|教父3|1294240|8.7|1990|0|0 3
134|香水|1760622|8.4|2006|0 5 6 9|0 3 5
135|辩护人|21937445|9.1|2013|9|0
136|傲慢与偏见|1418200|8.4|2005|0 4 5|0 1
137|纵横四海|1295409|8.7|1991|3|0 2 3 6
138|英雄本色|1297574|8.7|1986|3|0 3 6
139|冰川时代|1291578|8.4|2002|0|2 4 7
140|完美的世界|1300992|9.0|1993|0|0 3
141|哈利・波特与魔法石|1295038|8.5|2001|0 4|4 5
142|迁徙的鸟|1292281|9.1|2001|2 5 6 9|13
143|浪潮|2297265|8.7|2008|6|0
144|杀人回忆|1300299|8.5|2003|9|0 3 8 10
145|荒野生存|1905462|8.7|2007|0|0 4 13
146|末代皇帝|1293172|8.6|1987|1 2 4 5|0 13
147|黑天鹅|1978709|8.5|2010|0|0 10
148|可可西里|1308857|8.6|2004|1 3|0
149|狩猎|6985810|9.0|2012|9|0
150|梦之安魂曲|1292270|8.7|2000|0|0
151|喜宴|1303037|8.7|1993|0 9|0 1 2 9 13
152|追随|1397546|9.0|1998|4|3 8 10
153|控方证人|1296141|9.5|1957|0|0 3 8
154|朗读者|2213597|8.4|2008|0 6|0 1
155|战争之王|1419936|8.5|2005|0 5|0 3
156|燕尾蝶|1307793|8.7|1996|7|0 3
157|罗生门|1291879|8.7|1950|7|0 3 8
158|一次别离|5964718|8.7|2011|9|0 9
159|绿里奇迹|1300374|8.7|1999|0|0 3 5 8
160|素媛|21937452|9.0|2013|9|0 9
161|红辣椒|1865703|8.7|2006|7|7 8 10 11
162|叫我第一名|4798888|8.7|2008|0|0 13
163|萤火之森|5989818|8.8|2011|7|0 1 5 7
164|勇闯夺命岛|1292728|8.5|1996|0|4 6
165|卡萨布兰卡|1296753|8.6|1942|0|0 1 12
166|英国病人|1291853|8.4|1996|0 4|0 1 12
167|地球上的星星|2363506|8.8|2007|9|0 9
168|穆赫兰道|1292217|8.4|2001|0 5|0 8 10
169|两小无猜|1308817|8.2|2003|5 9|0 1 2
170|E.T. 外星人|1294638|8.5|1982|0|0 4 5 11
171|哈利・波特与死亡圣器(下)|3011235|8.6|2011|0 4|0 4 5 8
172|谍影重重|1304102|8.4|2002|0 6 9|4 6 8
173|变脸|1292659|8.4|1997|0|3 6
174|曾经|2053515|8.4|2006|9|0 1 13
175|惊魂记|1293181|8.8|1960|0|8 10 13
176|上帝也疯狂|1297478|8.6|1980|9|2
177|谍影重重2|1308767|8.5|2004|0 6|4 6 8
178|阿飞正传|1305690|8.5|1990|3|0 1 3
179|发条橙|1292233|8.4|1971|0 4|0 3 11
180|巴黎淘气帮|3157605|8.6|2009|5 9|2 9 13
181|蓝色大门|1308575|8.3|2002|5 9|0 1 13
182|布达佩斯大饭店|11525673|8.7|2014|0 4 6|0 2
183|这个男人来自地球|2300586|8.5|2007|0|0 11
184|爱・回家|1299361|9.1|2002|9|0 9 13
185|麦兜故事|1302476|8.5|2001|3|0 2 7
186|爱在暹罗|2365260|8.3|2007|8|0 1 9 13
187|蝴蝶|1292056|8.6|2002|5|0 2 13
188|与狼共舞|1293764|8.9|1990|0|0 4 13
189|中央车站|1292218|8.7|1998|5 9|0
190|魔女宅急便|1307811|8.4|1989|7|4 5 7
191|非常嫌疑犯|1292214|8.6|1995|0 6|0 3 8 10
192|哪吒闹海|1307315|8.7|1979|9|4 5 7
193|花样年华|1291557|8.3|2000|3 5|0 1
194|黄金三镖客|1401118|9.1|1966|2 9|4 13
195|罪恶之城|1309027|8.4|2005|0|3 6 10
196|夜访吸血鬼|1299327|8.3|1994|0|0 5 10
197|唐伯虎点秋香|1306249|8.2|1993|3|1 2 13
198|终结者2|1291844|8.5|1991|0 5|6 11
199|美国丽人|1292062|8.4|1999|0|0 9
200|暖暖内含光|1308777|8.4|2004|0|0 1 5
201|末路狂花|1291992|8.6|1991|0 5|0 3 10
202|新龙门客栈|1292287|8.4|1992|1 3|0 6 13
203|勇士|3217169|8.9|2011|0|0 9 13
204|青蛇|1303394|8.3|1993|3|0 5 13
205|偷拐抢骗|1301171|8.5|2000|0 4|2 3
206|城市之光|1293908|9.2|1931|0|0 1 2
207|喜剧之王|1302425|8.2|1999|3|0 1 2
208|忠犬八公物语|1959195|9.0|1987|7|0
209|黑客帝国3：矩阵革命|1302467|8.4|2003|0 9|6 11
210|初恋这件小事|4739952|8.3|2010|8|1 2
211|遗愿清单|1867345|8.5|2007|0|0 2 4
212|7号房的礼物|10777687|8.6|2013|9|0 2 9
213|恐怖游轮|3011051|8.2|2009|4 9|0 8 10
214|东京物语|1291568|9.1|1953|7|0 9
215|跳出我天地|1301169|8.7|2000|4 5|0 9 13
216|无耻混蛋|1438652|8.3|2009|0 6|0 3
217|源代码|3075287|8.3|2011|0 9|0 3 6 10 11
218|我们俩|1756073|8.6|2005|1|0
219|不一样的天空|1301617|8.6|1993|0|0 1 9
220|再见列宁|1292055|8.7|2003|6|0 9
221|导盲犬小Q|1316572|8.4|2004|7|0
222|荒岛余生|1298653|8.4|2000|0|0 4
223|牯岭街少年杀人事件|1292329|8.6|1991|9|0 3
224|国王的演讲|4023638|8.3|2010|0 4 9|0 13
225|血钻|1428175|8.4|2006|0 6|0 4
226|角斗士|1293530|8.4|2000|0 4|0 4 6 13
227|寿司之神|6146955|8.8|2011|0|13
228|我在伊朗长大|1962116|8.7|2007|0 5|0 7 12 13
229|莫扎特传|1293399|8.6|1984|0|0 13
230|疯狂约会美丽都|1291565|8.8|2003|4 5 9|2 7
231|月球|3073124|8.5|2009|4|0 8 11
232|大卫・戈尔的一生|1305725|8.7|2003|0 4 6|0 3 8
233|廊桥遗梦|1293929|8.5|1995|0|0 1
234|恐怖直播|21360417|8.7|2013|9|0 3 8
235|伴我同行|1292925|8.9|1986|0|0 4 13
236|八月迷情|1844413|8.3|2007|0|0 1 13
237|洛城机密|1292348|8.6|1997|0|0 3 8 10
238|未麻的部屋|1395091|8.7|1997|7|5 7 10
239|我爱你|5908478|9.0|2011|9|0 1
240|无敌破坏王|6534248|8.7|2012|0|2 4 7
241|假如爱有天意|1304073|8.2|2003|9|0 1
242|刺猬的优雅|3824274|8.8|2009|2 5|0
243|帝企鹅日记|1369747|8.5|2005|5|13
244|蓝白红三部曲之红|1292047|8.7|1994|5 9|0 1
245|黑鹰坠落|1291824|8.4|2002|0|6 12 13
246|千钧一发|1300117|8.7|1997|0|0 1 10 11
247|她比烟花寂寞|1293708|8.4|1998|4|0 13
248|枪火|1300741|8.5|1999|3|0 3 6
249|疯狂的石头|1862151|8.1|2006|1 3|2 3
250|茜茜公主|1304056|8.5|1955|9|0 1 2 13
