ThinkingCat|1|1002421
In-the-cut|1|1023998
1002971|1|1036258
2810458|1|6259624
1079500|1|1019764
immortal_3|1|1697884
51586911|1|7104642
maverick0806|1|6142730
lianlian725|1|3015766
ThinkingCat|2|5551222
1079500|2|1035546
In-the-cut|2|1033739
Bambus|2|1119350
2810458|2|6498164
73075708|2|6479865
NicolaZhai|2|7117096
1730271|2|7175790
6328459|2|5271270
In-the-cut|2|1024163
qfmeng|2|5114579
blackljx|2|1070208
syc|2|1181148
74941188|2|6631472
51586911|2|7104886
59458047|2|5344590
axinlove|3|1618189
6328459|3|5275952
2810458|3|6200033
Bambus|3|1116401
4370686|3|3645079
immortal_3|3|1303127
In-the-cut|3|1024139
51586911|3|7104894
74941188|3|6885397
qfmeng|3|4968782
2760432|3|2875324
zhong13211|3|7394123
4490135|3|5658180
chairmannirvana|3|5035955
flower21|4|1238558
aixiaoke|4|1053453
2810458|4|6542646
hamturi|4|2838625
ten10|4|1134555
alcudish|4|1364719
4370686|4|2161566
flower21|4|2018973
yangwenming|4|1581251
2744224|4|3894319
tuxiaoshu|4|2110728
qfmeng|4|5331957
2006114|4|4998526
Felven|4|5399244
51586911|4|7105108
55025989|4|5828115
2744224|4|1459769
syc|4|1322607
sosovipp|4|5380351
flower21|5|1555672
Bambus|5|1112652
maverick0806|5|7091372
qfmeng|5|4986064
blackljx|5|1168402
alcudish|5|1364486
51586911|5|7105313
guuuu|5|1252316
ten10|5|1209680
lianlian725|5|5326426
chairmannirvana|5|5037642
Felven|5|5069749
xichuangzhu|5|4755275
ThinkingCat|6|1238757
shenshike|6|1493175
luzhiyu|6|4966312
dgch|6|4532299
sosovipp|6|6509721
1511195|6|2920633
49270794|6|7315524
49057955|6|7170868
immortal_3|6|1134157
blackljx|6|1168141
ThinkingCat|7|4986957
guuuu|7|1319844
ten10|7|1146480
maverick0806|7|6140406
dgch|7|4565888
Bambus|7|1115769
immortal_3|7|1997548
51586911|7|7105887
lovemimidog|7|6853873
zhong13211|7|7432959
9961192|7|3722296
54424275|7|5104386
chenning3288|7|5051498
48924562|7|5356348
59458047|7|5346078
kw_33|7|5454531
aixiaoke|8|1053469
luzhiyu|8|2963943
NicolaZhai|8|7455020
Bambus|8|1115539
immortal_3|8|2392222
eillen|8|2672656
yangwenming|8|3318813
49898350|8|6203851
2810458|8|6552525
51586911|8|7106203
68077135|8|7227727
readmovie|8|7396903
chairmannirvana|8|5751204
50467264|8|6247659
2760432|8|3178370
aixiaoke|9|1470935
syc|9|1569276
ThinkingCat|9|1554041
flower21|9|1565882
ballwen|9|2764014
dgch|9|4532234
oldtime|9|1569455
sosovipp|9|6278739
alcudish|9|1584554
hamturi|9|2091611
Bambus|9|1749625
youyongyu|9|1465892
70053575|9|7480461
57264381|9|7330161
NicolaZhai|9|6644195
immortal_3|9|1507320
2744224|9|1889597
51586911|9|7106609
tuxiaoshu|9|1544250
jackchen|9|1506130
yysmini|9|1509540
1079500|9|1496845
qfmeng|10|5162435
maverick0806|10|7384919
4370686|10|2159355
luzhiyu|10|2966367
immortal_3|10|2684043
54443287|10|5572262
51586911|10|7107840
shawtonli|10|5424739
50803417|10|6618213
guuuu|10|1248410
lucky_luke|10|1516140
2744224|10|1515753
lianlian725|10|1440675
MovieL|11|3594144
aixiaoke|11|3457701
ThinkingCat|11|3687677
LucFrance|11|3645638
waking|11|3455242
Bambus|11|3635717
maverick0806|11|5056326
dyshaizi|11|3632312
alcudish|11|3627629
waking|11|3471548
dgch|11|3665617
aixiaoke|12|3570792
oldtime|12|3582494
ThinkingCat|12|3706220
LucFrance|12|3527826
3087252|12|4593764
2744224|12|3674300
immortal_3|12|3542836
sosovipp|12|6434680
littlebasin|12|3740031
6328459|12|5275774
2744224|12|3672685
dgch|12|3841972
alcudish|12|3703984
maymaomao|12|5643092
sosovipp|12|6499884
49898350|12|7384203
waking|12|3578698
38502674|12|4542333
hamturi|12|5260740
1002971|13|1007977
6328459|13|5432872
Bambus|13|1100575
immortal_3|13|1591075
luzhiyu|13|2962105
51586911|13|7108596
70053575|13|7223008
jackchen|13|1219681
ten10|13|1349257
guuuu|13|1253252
2760432|13|3137033
bamboo1988|13|2007183
73075708|13|6151411
qfmeng|13|3190778
38502674|13|3326606
dgch|14|3068443
shawtonli|14|3008092
bamboo1988|14|5654726
73075708|14|6262734
LinkinBz|14|3157032
subplant|14|3139286
51586911|14|7109532
yysmini|14|3309145
lianlian725|14|5326430
syc|15|1452055
dalianhaizao|15|7441802
57264381|15|6171457
2810458|15|6498163
immortal_3|15|1136942
51586911|15|7108801
maymaomao|15|6367549
2006114|15|6335467
axinlove|15|2291859
chairmannirvana|15|5758523
NicolaZhai|15|6487935
guuuu|15|1256639
2760432|15|2876328
Felven|15|5061928
kypyy|15|5334520
59458047|15|5346071
qfmeng|15|3649322
subplant|15|1982821
oldtime|16|2356815
bamboo1988|16|3824653
immortal_3|16|2271091
qfmeng|16|4527328
NicolaZhai|16|6728027
Bambus|16|1115547
74941188|16|6687308
subplant|16|1436629
76851962|16|6579037
littlebasin|16|4682965
6328459|16|6356288
chairmannirvana|16|5038065
tuweri|16|5265323
syc|16|1291191
dyshaizi|16|2077835
MovieL|17|1035029
In-the-cut|17|1028038
maoxiaomao|17|1163850
sosovipp|17|6612020
flower21|17|1353737
49057955|17|7275945
2810458|17|6247519
49270794|17|6361101
57264381|17|7174665
51586911|17|7109807
gubutong|17|6851630
dahdumiedu|17|5758970
aixiaoke|18|1053454
4370686|18|2158149
bamboo1988|18|5255476
maoxiaomao|18|2519140
57264381|18|6501412
51586911|18|7109922
qfmeng|18|5157749
guuuu|18|1259583
chairmannirvana|18|5715675
chenning3288|18|5319318
55812197|18|5413308
jackchen|18|1308536
lucky_luke|18|1967615
flower21|19|1881034
shenshike|19|1496512
oldtime|19|3706804
jennychang|19|1979264
syc|19|1298583
luzhiyu|19|3516099
bamboo1988|19|2375490
sosovipp|19|6512789
1002971|19|1122815
wanger0619|19|1394506
Bambus|19|1212842
49057955|19|7166582
73075708|19|6272597
immortal_3|19|3439878
51586911|19|7109816
maoxiaomao|19|1231331
alcudish|19|1363671
jackchen|19|1394496
54424275|19|6332429
qfmeng|19|5094923
guuuu|19|1253616
ten10|19|1208748
59458047|19|5346342
2760432|19|3288467
1079500|20|1019512
oldtime|20|2321492
jennychang|20|1441757
flower21|20|1631210
sosovipp|20|5488677
2810458|20|7469428
49898350|20|6826625
In-the-cut|20|1024299
ten10|20|1209731
immortal_3|20|1263685
48924562|20|7260456
51586911|20|7110457
kw_33|20|4574075
alcudish|20|1449237
syc|20|1172818
zhong13211|20|7443031
immortal_3|21|2308481
kissjessica|21|2030583
54443287|21|6394187
littlebasin|21|2263537
youyongyu|21|3381844
68077135|21|7428961
sosovipp|21|6163677
51586911|21|7110622
lovemimidog|21|6850797
ballwen|21|1146422
guuuu|21|1305393
eillen|21|1478183
oldtime|22|2812308
wanger0619|22|1387511
youyongyu|22|1701527
qfmeng|22|5217854
In-the-cut|22|1034407
immortal_3|22|1866430
readmovie|22|7396905
68077135|22|7362641
alcudish|22|1363655
51586911|22|7112610
49898350|22|6320556
sosovipp|22|6001109
6328459|22|6429384
ten10|22|1209610
9961192|22|3609625
qfmeng|23|4888931
1730271|23|7388321
1002971|23|1008107
51586911|23|7112444
kissjessica|23|3718753
eillen|23|1582764
57264381|23|5544160
48924562|23|5337623
59458047|23|6574922
chairmannirvana|23|5035983
hamturi|23|1599906
4370686|24|2159341
guuuu|24|1442041
1730271|24|7460961
chairmannirvana|24|5627086
2810458|24|6189650
6328459|24|6517156
alcudish|24|1495509
immortal_3|24|1880809
qfmeng|24|5029218
kissjessica|24|3152924
LucFrance|25|2938705
ThinkingCat|25|3031370
youyongyu|25|2941539
dgch|25|3026226
dalianhaizao|25|7470542
LinkinBz|25|3034096
axinlove|25|2983932
51586911|25|7112156
2006114|25|3217853
ten10|25|3164279
immortal_3|25|3209921
2760432|25|3123080
alcudish|26|1361577
hamturi|26|1382761
subplant|26|1552491
74941188|26|7196460
51586911|26|7112617
maverick0806|26|6453727
sosovipp|26|5998453
Bambus|26|1358677
qfmeng|26|5208785
shawtonli|26|4186185
ten10|26|1370619
guuuu|26|1349581
maymaomao|26|1167028
chairmannirvana|26|5037686
50467264|26|5117678
4490135|26|4900391
fuyun521|26|4936053
kw_33|26|5454228
55025989|26|5457366
readmovie|26|6607291
6328459|26|5888147
tomcruiseyy|26|1903348
LucFrance|27|5325336
alcudish|27|5565885
3087252|27|5382091
57325467|27|7270695
51586911|27|7118494
49898350|27|6249190
74941188|27|7355572
shawtonli|27|5320548
1511195|27|5317372
lovemimidog|27|6848882
54424275|27|5458195
50467264|27|5348488
ThinkingCat|28|1379049
oldtime|28|4997769
syc|28|1311224
1079500|28|1019723
chairmannirvana|28|5596188
2810458|28|6753049
alcudish|28|5763085
qfmeng|28|4892150
68077135|28|7393030
jennychang|28|1506090
readmovie|28|7395855
dgch|28|3850204
sosovipp|28|6176668
73075708|28|6206164
kissjessica|28|1434259
6328459|28|6545398
76851962|28|6489443
38502674|28|5000614
fuyun521|28|4612661
Felven|28|5085588
apoollo|28|1219439
hamturi|29|3225532
immortal_3|29|2731560
dalianhaizao|29|7485655
alcudish|29|1361338
axinlove|29|2864647
51586911|29|7113181
chairmannirvana|29|5751201
jackchen|29|1289552
cuxindebenren|29|4598340
qfmeng|29|3644835
chenning3288|29|5051457
Felven|29|5140548
yangwenming|29|1541837
dyshaizi|29|2788654
68077135|29|7154224
readmovie|29|6607185
bamboo1988|30|3115859
In-the-cut|30|1024886
flower21|30|1969535
littlebasin|30|1016190
49270794|30|7122839
immortal_3|30|1089339
51586911|30|7114201
2810458|30|7358690
alcudish|30|1364692
sosovipp|30|6150639
apoollo|30|1231211
59458047|30|5405697
54443287|30|5190714
3087252|30|2030445
dyshaizi|31|2225335
jennychang|31|1475427
luzhiyu|31|2962111
4370686|31|4894537
walden577|31|5649789
qfmeng|31|4904765
51586911|31|7113669
lovemimidog|31|6853885
eillen|31|1424292
kypyy|31|5566974
chairmannirvana|31|5493182
yysmini|32|2217793
Bambus|32|3008724
littlebasin|32|2220959
alcudish|32|2862838
axinlove|32|2746425
youyongyu|32|2713785
maoxiaomao|32|2676626
hamturi|32|2197595
subplant|32|2673073
immortal_3|32|6162657
54424275|32|5103394
51586911|32|7115337
lovemimidog|32|6851166
xichuangzhu|33|5619911
sosovipp|33|6611354
In-the-cut|33|1028035
49270794|33|6361024
57264381|33|7170752
gubutong|33|5883624
4370686|33|2159376
2744224|33|1469970
chairmannirvana|33|5038533
51586911|33|7119312
48924562|33|5298494
aixiaoke|34|4522513
alcudish|34|4763402
Bambus|34|4587844
fuyun521|34|5833348
1730271|34|7175862
51715849|34|5765406
49898350|34|6199365
51586911|34|7119599
xichuangzhu|34|4495644
3087252|34|4529066
syc|34|4582408
57325467|34|7264424
maymaomao|35|1132896
maoxiaomao|35|2698706
shenshike|35|1257183
59458047|35|6444253
sosovipp|35|6522320
Bambus|35|1129599
immortal_3|35|1462166
eillen|35|2294618
readmovie|35|7401112
51586911|35|7119562
lovemimidog|35|6854596
Felven|35|5106525
blackljx|35|1168414
50803417|35|6630032
76851962|35|6462548
guuuu|35|1256664
ThinkingCat|36|1002403
qfmeng|36|4928145
immortal_3|36|2650204
wanger0619|36|1394520
1730271|36|7460923
alcudish|36|1364716
51586911|36|7115156
57264381|36|5760131
sosovipp|36|6001792
9961192|36|3470320
2760432|36|3284108
49270794|36|5661125
54424275|36|5983050
yangwenming|37|1519911
alcudish|37|5706496
1079500|37|1051684
68077135|37|7476121
50803417|37|7443615
jennychang|37|1459716
immortal_3|37|2029039
49898350|37|6423032
subplant|37|5053702
3087252|37|2278032
yysmini|37|7297686
70053575|37|7223722
51586911|37|7118609
48924562|37|5754391
walden577|37|5335492
2744224|37|1669061
youyongyu|37|1183634
qfmeng|37|5213270
syc|37|5002576
bamboo1988|37|2959438
lianlian725|37|6323273
NicolaZhai|37|5741918
50467264|37|5002662
ThinkingCat|38|5142488
2810458|38|6164754
immortal_3|38|1613823
51586911|38|7120138
dahdumiedu|38|5655276
6328459|38|5407078
bamboo1988|38|4895510
qfmeng|38|5235997
Felven|38|5339199
chairmannirvana|38|5035978
gubutong|38|4973959
lucky_luke|38|1619171
yysmini|39|1576773
guuuu|39|1252646
sosovipp|39|6181409
yangwenming|39|1536619
dyshaizi|39|2488148
jennychang|39|1468576
luzhiyu|39|4946195
lianlian725|39|2984951
alcudish|39|1363685
51586911|39|7119627
Felven|39|5124888
6328459|39|6748075
2760432|39|1713275
blackljx|39|1168406
70053575|39|7161348
bamboo1988|39|4426682
aixiaoke|40|1455873
ThinkingCat|40|1567655
sosovipp|40|6122147
flower21|40|1563321
alcudish|40|1576431
57264381|40|6258132
bamboo1988|40|5613021
49898350|40|7167340
xichuangzhu|40|5587686
apoollo|40|1520774
2760432|40|3363090
1860252|40|1599985
50467264|40|6843008
51586911|40|7121141
subplant|40|1597048
57325467|40|7271557
qfmeng|40|5100969
waking|40|1504847
immortal_3|40|3454490
axinlove|40|1629513
littlebasin|40|1501311
59458047|41|6573463
1730271|41|7376841
immortal_3|41|3329595
57264381|41|5544156
hamturi|41|1598225
chairmannirvana|41|5035964
48924562|41|5336111
kissjessica|41|3718727
ThinkingCat|42|1065411
qfmeng|42|4884045
59458047|42|6570709
1730271|42|7376828
6328459|42|5339411
dahdumiedu|42|6558338
xichuangzhu|42|5729161
hamturi|42|1597844
kissjessica|42|3718678
chairmannirvana|42|5038531
48924562|42|5335762
57264381|42|5544153
guuuu|42|1253627
ThinkingCat|43|5335668
3087252|43|5237026
cuxindebenren|43|5741894
bamboo1988|43|5409238
1730271|43|7175976
49898350|43|7356829
fuyun521|43|6146477
shawtonli|43|6675132
chairmannirvana|43|6560923
51586911|43|7124403
Felven|43|6462476
maverick0806|44|7365021
flower21|44|1563969
subplant|44|2518683
jackchen|44|1197386
immortal_3|44|5336903
In-the-cut|44|1024484
qfmeng|44|5199542
9961192|44|5700900
syc|44|1303806
readmovie|44|7323709
2760432|44|1939704
guuuu|44|1251528
chairmannirvana|44|5035971
59458047|45|5755366
lianlian725|45|5313699
2744224|45|4627878
hamturi|45|1438525
57325467|45|7290076
alcudish|45|1364711
51586911|45|7121469
subplant|45|1548273
55812197|45|5691393
blackljx|45|1168444
littlebasin|45|4865508
guuuu|45|1251185
youyongyu|45|1201182
3087252|45|2050544
chairmannirvana|45|5253519
Felven|45|5239111
dyshaizi|46|2082461
74941188|46|7379585
76851962|46|6568980
50775387|46|5399435
chairmannirvana|46|5493183
68292844|46|6095392
2760432|47|2895956
qfmeng|47|5615676
oldtime|47|2310152
Felven|47|5461182
immortal_3|47|1901984
lucky_luke|47|1516858
51586911|47|7121146
ten10|47|1209486
guuuu|47|1283796
shawtonli|47|4459806
eillen|47|2012860
76851962|47|6541356
6328459|47|6482141
lianlian725|47|1440611
2810458|48|7469438
youyongyu|48|1083618
Bambus|48|1115548
73075708|48|6492110
49898350|48|6672653
immortal_3|48|1490602
lovemimidog|48|6851766
51586911|48|7122410
blackljx|48|1070225
oldtime|48|2296349
readmovie|48|7396367
ten10|48|1209711
In-the-cut|48|1124082
6328459|48|6481141
kissjessica|48|2112773
9961192|48|4789506
eillen|48|1509204
In-the-cut|48|1024158
48924562|48|5256683
55812197|48|5207281
syc|48|1163131
59458047|48|5344691
2760432|48|1466223
maverick0806|48|2196083
kw_33|48|5454350
luzhiyu|49|5664862
ThinkingCat|49|5668469
alcudish|49|5668280
6328459|49|5678662
youyongyu|49|5665181
flower21|50|1945969
fuyun521|50|5826860
xichuangzhu|50|5864879
Bambus|50|1115037
maoxiaomao|50|1180157
immortal_3|50|2342033
hamturi|50|5002545
In-the-cut|50|1028181
tuxiaoshu|50|1548210
51586911|50|7123104
57325467|50|7271154
chairmannirvana|50|7380036
aixiaoke|51|1053459
maverick0806|51|7353133
Bambus|51|1116633
alcudish|51|1364818
51586911|51|7122194
gubutong|51|6851701
blackljx|51|1168074
74941188|51|6532503
qfmeng|51|5142961
guuuu|51|1251406
chairmannirvana|51|5035968
kw_33|51|5454569
2744224|51|1465007
flower21|52|1677936
immortal_3|52|2661648
49898350|52|6755761
1002971|52|1061593
dalianhaizao|52|7383067
68077135|52|7406801
51586911|52|7123117
jackchen|52|1394509
1860252|52|1339483
chairmannirvana|52|5778759
guuuu|52|1252784
cuxindebenren|52|4598332
38502674|52|4584338
qfmeng|52|3715782
kypyy|52|5324458
2744224|52|1466910
57264381|52|5294204
readmovie|52|6607224
blackljx|53|1168397
ballwen|53|1232635
In-the-cut|53|1023927
alcudish|53|1529380
49057955|53|7472497
ten10|53|1209760
1730271|53|7176001
maverick0806|53|6006004
Bambus|53|1125654
LinkinBz|53|1525286
NicolaZhai|53|6506987
kypyy|53|6254219
hamturi|53|1505513
51586911|53|6731838
dahdumiedu|53|7072031
sosovipp|53|6188241
syc|53|1202325
jennychang|53|1338269
ThinkingCat|54|1038487
subplant|54|3137118
shenshike|54|1956656
qfmeng|54|5138939
dgch|54|3779378
1511195|54|2989976
chairmannirvana|54|5565485
lovemimidog|54|6851196
jennychang|54|4579180
Felven|54|5196010
kw_33|54|4992455
alcudish|54|1359176
51586911|54|7123135
57325467|54|7288959
2006114|54|4988094
ten10|54|1209751
6328459|54|6329257
apoollo|54|1123263
kypyy|54|5266874
50467264|54|5102189
dyshaizi|54|2080992
fuyun521|54|4597212
maverick0806|55|6514605
4370686|55|7466466
fuyun521|55|6384995
50803417|55|7326452
lovemimidog|55|6854303
51586911|55|7123810
alcudish|55|1364712
6328459|55|6436798
76851962|55|6574983
qfmeng|55|5270200
jennychang|55|1476403
50775387|55|5465422
Felven|55|5425034
gubutong|55|5093721
chairmannirvana|55|5035965
dalianhaizao|56|7461791
6328459|56|7097331
lucky_luke|56|1548367
38502674|56|5103927
readmovie|56|6590805
qfmeng|56|5172308
ThinkingCat|57|1129573
MovieL|57|1120946
flower21|57|1568206
6328459|57|5377619
2744224|57|3672558
walden577|57|5624363
ballwen|57|1793099
apoollo|57|4551375
51586911|57|7125337
sosovipp|57|6150449
waking|57|3526398
bamboo1988|57|3472472
9961192|57|5046493
50803417|57|6592472
maymaomao|57|5807234
2760432|57|1478730
littlebasin|57|1513064
qfmeng|57|5132378
dahdumiedu|57|5036849
chairmannirvana|57|5035982
6328459|58|6019415
dalianhaizao|58|7445498
57264381|58|6726004
alcudish|58|5513398
gubutong|58|6864269
51586911|58|7125206
chairmannirvana|58|5496442
immortal_3|58|1370023
qfmeng|58|5039364
dyshaizi|58|2324803
54424275|58|5110571
MovieL|59|1100279
ThinkingCat|59|1111474
subplant|59|3138524
1730271|59|7175931
74941188|59|7449759
flower21|59|1454736
51586911|59|7124406
49057955|59|7111289
readmovie|59|7401076
shenshike|60|5235503
6328459|60|6494452
73075708|60|6264164
chairmannirvana|60|7182152
51586911|60|7125076
lovemimidog|60|6851185
50775387|60|5604261
55812197|60|5387141
chenning3288|60|5051534
Felven|60|5217040
readmovie|60|6590788
aixiaoke|61|2994228
ThinkingCat|61|2913351
LucFrance|61|2981383
dyshaizi|61|2641203
axinlove|61|2797340
bamboo1988|61|2830233
shawtonli|61|2928433
1511195|61|2835317
luzhiyu|61|4947909
tuxiaoshu|61|3583777
alcudish|62|1379007
flower21|62|1510261
syc|62|1342634
ballwen|62|1297766
In-the-cut|62|1024376
immortal_3|62|1571089
hamturi|62|1416902
maverick0806|62|6216904
2760432|62|1592415
74941188|62|7429682
sosovipp|62|6319135
4370686|62|4543945
subplant|62|1552446
70053575|62|7274716
lovemimidog|62|6851796
51586911|62|7126090
zhong13211|62|7417338
maymaomao|62|5686199
chairmannirvana|62|5691401
57325467|62|7266195
2006114|62|5005425
55812197|62|5373291
59458047|62|5344829
48924562|62|5260371
54424275|62|5104375
50775387|62|5402666
jackchen|62|1214102
eillen|62|1388542
MovieL|63|1908505
flower21|63|1953050
immortal_3|63|1912954
MovieL|63|2031063
lianlian725|63|2023471
maverick0806|63|6612915
waking|63|2498814
ThinkingCat|63|1962899
yysmini|63|1931408
2810458|63|7425477
tuxiaoshu|63|1940535
alcudish|63|5323135
57325467|63|7285618
51586911|63|7126746
74941188|63|7118228
lovemimidog|63|6851718
sosovipp|63|6142498
1511195|63|2986830
In-the-cut|64|1033843
49898350|64|6650547
dgch|64|4532293
70053575|64|7415405
55025989|64|6680291
jennychang|64|1524881
immortal_3|64|1589969
flower21|64|1332925
68077135|64|7354497
51586911|64|7127616
lovemimidog|64|6851910
74941188|64|6704674
blackljx|64|1168013
alcudish|64|1364577
ten10|64|1134553
9961192|64|3487138
bamboo1988|64|3894965
zhong13211|64|7462580
2760432|64|1487858
tuxiaoshu|65|1993196
dgch|65|4615781
ballwen|65|1469702
qfmeng|65|4581235
kw_33|65|5453887
In-the-cut|65|1024851
51586911|65|7129714
jennychang|65|1390790
55812197|65|5494137
chairmannirvana|65|5035975
6328459|65|6012778
immortal_3|65|1934522
50467264|65|6716491
syc|65|1242668
guuuu|65|1263189
57264381|65|6307278
aixiaoke|66|1618885
ThinkingCat|66|1627443
fuyun521|66|5005555
immortal_3|66|1622893
dgch|66|4532194
maverick0806|66|7346278
jennychang|66|1748627
apoollo|66|1808198
68077135|66|7483029
alcudish|66|1632088
1079500|66|1646268
wanger0619|67|1398593
1002971|67|1008110
Felven|67|5442847
38502674|67|4978422
dgch|67|5630179
bamboo1988|67|5620924
2810458|67|6307596
subplant|67|2977355
2760432|67|1490976
immortal_3|67|1699959
1079500|67|1035544
jennychang|67|1985906
syc|67|1203291
readmovie|67|7396896
51586911|67|7137355
alcudish|67|1382810
qfmeng|67|5225461
maverick0806|67|6503568
6328459|67|6521879
axinlove|67|1939087
kypyy|67|5101560
chairmannirvana|67|5038066
qfmeng|68|3571226
immortal_3|68|1957891
51586911|68|7137391
littlebasin|68|1015128
chairmannirvana|68|5776489
zhong13211|68|7428873
2744224|68|1465040
dahdumiedu|68|5722561
maoxiaomao|68|1373796
bamboo1988|68|2242064
68292844|68|6255574
2744224|69|3880076
2810458|69|6542820
6328459|69|5299963
57264381|69|6776819
1730271|69|6221935
49270794|69|6249999
immortal_3|69|2640575
alcudish|69|1361555
51586911|69|7105738
9961192|69|4787490
chairmannirvana|69|5036002
lucky_luke|69|1518176
fuyun521|69|4653717
48924562|69|5333105
dahdumiedu|69|5001120
qfmeng|69|5103085
hamturi|69|1532046
In-the-cut|70|1023993
1079500|70|1019493
immortal_3|70|1291308
luzhiyu|70|2966408
apoollo|70|1425692
sosovipp|70|6170828
oldtime|70|1606094
57325467|70|7283033
syc|70|1203302
lianlian725|70|5553074
3087252|70|2054306
guuuu|70|1252479
chairmannirvana|70|5493208
aixiaoke|71|1055841
axinlove|71|2705291
readmovie|71|6590766
immortal_3|71|2785360
51586911|71|7143356
6328459|71|6486932
chairmannirvana|71|5770732
alcudish|71|1360127
qfmeng|71|3703156
sosovipp|71|5377439
55812197|71|5207300
50775387|71|5394363
57264381|71|6331966
tomcruiseyy|71|5137698
dgch|72|3137555
xichuangzhu|72|5705366
immortal_3|72|1256760
bamboo1988|72|5306099
54443287|72|5713221
lucky_luke|72|1603543
gubutong|72|5798621
59458047|72|6626372
guuuu|72|1359115
littlebasin|72|1015579
chairmannirvana|72|5035989
48924562|72|5359162
6328459|72|5976703
51586911|72|7150673
chairmannirvana|72|5601287
49270794|72|7173529
qfmeng|72|5167495
maverick0806|73|7359671
immortal_3|73|1313831
51586911|73|7146542
readmovie|73|7396251
flower21|73|1326397
sosovipp|73|6144908
lovemimidog|73|6851774
57325467|73|7288969
6328459|73|6754093
blackljx|73|1070216
alcudish|73|1361587
Felven|73|5414603
9961192|73|3714608
qfmeng|73|5040389
bamboo1988|73|3203023
ten10|73|1209432
chairmannirvana|73|5492546
tuxiaoshu|73|3491242
59458047|73|5344504
kypyy|73|5280557
jennychang|73|1501862
xichuangzhu|73|6677469
51715849|73|5672220
MovieL|74|4507836
maoxiaomao|74|4513792
LucFrance|74|4529633
2760432|74|4538998
ballwen|74|4553473
alcudish|74|4535373
dgch|74|4544779
3087252|74|4538006
jackchen|74|4539055
qfmeng|74|4589913
immortal_3|75|2671872
syc|75|1258473
sosovipp|75|6499910
1079500|75|1019735
dgch|75|4600608
luzhiyu|75|4955081
57325467|75|7280240
51586911|75|7150672
lianlian725|75|5704976
eillen|75|2668679
guuuu|75|1492380
tuweri|75|4951964
chairmannirvana|75|5427695
kw_33|75|5454405
alcudish|75|1375939
6328459|75|5967948
Felven|75|5270252
51715849|75|5670652
readmovie|75|6607189
qfmeng|75|5101884
MovieL|76|5124606
LucFrance|76|5120398
dalianhaizao|76|7485366
3087252|76|5094097
2006114|76|5232338
kypyy|76|5205063
jackchen|76|5119594
qfmeng|76|6186658
immortal_3|76|5279939
Bambus|76|5149166
51586911|76|7154890
hamturi|76|5126192
57325467|76|7283027
chairmannirvana|76|5883697
76851962|76|6520950
55812197|76|5398529
yysmini|76|5109408
cuxindebenren|76|5258131
alcudish|77|2100863
dalianhaizao|77|7485820
hamturi|77|2905061
youyongyu|77|3693613
maymaomao|77|6713326
2810458|77|6597412
57264381|77|5536957
yangwenming|77|1584761
57325467|77|7284712
51586911|77|7155894
NicolaZhai|77|6302407
2760432|77|2911012
9961192|77|5448137
zhong13211|77|7423625
50467264|77|5125882
59458047|77|5346083
1860252|77|1329046
Felven|77|5514942
walden577|77|6271815
luzhiyu|78|4875486
dyshaizi|78|3029576
49057955|78|7392935
dgch|78|4532147
NicolaZhai|78|6831589
kypyy|78|6592506
74941188|78|6588756
blackljx|78|1168152
57325467|78|7280236
chenning3288|78|5051418
alcudish|78|1364749
qfmeng|78|5217857
apoollo|78|1484093
bamboo1988|78|3582833
2760432|78|1661294
2006114|78|5005459
xichuangzhu|78|5168634
59458047|78|5344880
hamturi|79|1477867
dalianhaizao|79|7428499
54443287|79|6323604
subplant|79|3289828
57264381|79|6542796
littlebasin|79|4895859
fuyun521|79|5996139
axinlove|79|6152607
tuxiaoshu|79|1959506
alcudish|79|1361357
Bambus|79|1124609
51586911|79|7154884
flower21|79|1495171
tuxiaoshu|79|1958198
9961192|79|4569341
guuuu|79|1248499
2760432|79|2878554
2744224|79|1470299
jackchen|79|1325352
qfmeng|79|3650185
2760432|80|3217349
sosovipp|80|6499893
4370686|80|7483056
syc|80|1370989
flower21|80|1748438
shenshike|80|1119191
50803417|80|7488985
49270794|80|7306708
maymaomao|80|1167519
In-the-cut|80|1023950
4490135|80|5732012
49057955|80|7107480
subplant|80|5981564
alcudish|80|1364366
blackljx|80|1168435
guuuu|80|1252308
lianlian725|80|4931874
immortal_3|80|3309987
ThinkingCat|81|2109925
hamturi|81|2980414
51586911|81|7155897
chairmannirvana|81|5492543
maoxiaomao|81|1178336
luzhiyu|82|2966397
immortal_3|82|6142099
1511195|82|2920635
oldtime|82|2361317
alcudish|82|1423066
49057955|82|7283546
2810458|82|6498167
chairmannirvana|82|5610252
dgch|82|4914051
Bambus|82|1179641
maymaomao|82|1270121
wanger0619|82|1405667
tuxiaoshu|82|1318126
57325467|82|7284210
51586911|82|7157886
qfmeng|83|5572805
2744224|83|3115041
dahdumiedu|83|5744802
alcudish|83|1520652
Bambus|83|1116412
blackljx|83|1070206
immortal_3|83|2296221
4370686|83|2159363
59458047|83|6011589
51586911|83|7167002
chairmannirvana|83|7114593
readmovie|83|7386911
2006114|83|6329211
maymaomao|83|1270182
guuuu|83|1251429
55812197|83|5207296
bamboo1988|83|4997281
50467264|83|5037896
qfmeng|84|5753829
blackljx|84|1070207
4370686|84|2161830
73075708|84|6549666
hamturi|84|2905004
Bambus|84|1121632
immortal_3|84|1886219
jackchen|84|1344510
gubutong|84|5782609
51586911|84|7159752
chairmannirvana|84|6701755
guuuu|84|1253819
9961192|84|5183250
MovieL|85|5076181
shawtonli|85|5071554
Bambus|85|5081436
dalianhaizao|85|7485692
51586911|85|7156958
1860252|85|5079251
54424275|85|6132122
9961192|85|5159839
kypyy|85|5097753
59458047|85|5344511
48924562|85|5218789
Felven|85|5256175
38502674|85|5212019
walden577|85|5168300
Bambus|86|1325422
jennychang|86|1958681
dalianhaizao|86|7485736
wanger0619|86|1387590
4370686|86|2343186
Bambus|86|1142904
lianlian725|86|5878044
51586911|86|7163815
2006114|86|5258036
76851962|86|6683535
73075708|86|6187911
3087252|86|2041430
maoxiaomao|87|1499189
luzhiyu|87|4950632
alcudish|87|1610438
oldtime|87|3455131
lianlian725|87|5617999
59458047|87|7462615
ballwen|87|1093028
Bambus|87|1122098
syc|87|1276204
76851962|87|6675817
51586911|87|7161664
54424275|87|6207700
wanger0619|87|1399511
bamboo1988|87|1909381
50803417|87|6523999
kissjessica|87|1357940
kypyy|87|5940240
guuuu|87|1271170
qfmeng|87|5038287
57325467|87|7261559
alcudish|88|1624268
ThinkingCat|88|1118382
1002971|88|1050391
ballwen|88|1094517
maoxiaomao|88|1506214
syc|88|1372858
9961192|88|5047417
flower21|88|1788217
lianlian725|88|5659589
Bambus|88|1122150
59458047|88|7462641
1079500|88|1019516
NicolaZhai|88|6385952
eillen|88|2859173
76851962|88|6677129
Felven|88|6372206
immortal_3|88|6155825
54424275|88|6207760
axinlove|89|2220825
dalianhaizao|89|7465162
1730271|89|7388348
cuxindebenren|89|5902937
2810458|89|7167578
51586911|89|7163863
alcudish|89|1360133
6328459|89|6487847
chairmannirvana|89|5762562
Felven|89|5415696
55812197|89|5265077
qfmeng|89|3728525
68077135|89|7154232
blackljx|89|1168061
kypyy|89|5313247
sosovipp|90|6506552
6328459|90|5989436
dalianhaizao|90|7486357
2760432|90|1488140
Bambus|90|1118244
49057955|90|7193192
apoollo|90|1425723
lovemimidog|90|6853869
51586911|90|7159762
alcudish|90|1364476
57325467|90|7276662
bamboo1988|90|4028766
syc|90|1174041
qfmeng|90|3324648
wanger0619|91|1401242
sosovipp|91|5381850
49270794|91|7105912
70053575|91|7222986
51586911|91|7165565
4370686|91|4548658
kypyy|91|5290843
tuweri|91|5327971
48924562|91|5669929
dahdumiedu|91|5001110
qfmeng|91|5239034
chairmannirvana|91|5035986
4490135|91|4999944
immortal_3|91|1134160
tomcruiseyy|91|1939853
MovieL|92|4955177
LucFrance|92|4611606
1511195|92|4596158
flower21|92|4597821
ThinkingCat|92|4868283
3087252|92|4593505
dgch|92|4604317
littlebasin|92|4873359
49898350|92|6677968
49270794|92|6664876
alcudish|92|5056713
syc|92|4695164
LinkinBz|92|4881859
chairmannirvana|92|6571946
Bambus|92|5330985
76851962|92|6729493
sosovipp|92|6017458
fuyun521|92|5240210
oldtime|93|3271424
LucFrance|93|3263327
49270794|93|6195611
axinlove|93|4051442
51586911|93|7170107
gubutong|93|7121173
yysmini|93|3279508
shawtonli|93|3316994
qfmeng|93|5056949
bamboo1988|93|3895593
1860252|93|3281231
cuxindebenren|93|4608267
chairmannirvana|93|5037530
dahdumiedu|93|5067064
4490135|93|4973085
73075708|94|6489047
fuyun521|94|5836671
lucky_luke|94|1545665
6328459|94|5961125
Felven|94|5228968
chairmannirvana|94|5493170
aixiaoke|95|2878058
ThinkingCat|95|2939939
waking|95|2875189
subplant|95|2928774
ballwen|95|3168834
alcudish|95|2912581
2006114|95|2941074
qfmeng|95|5215182
6328459|95|6472960
LinkinBz|95|2917644
hamturi|96|2947164
dalianhaizao|96|7486200
1730271|96|7399303
51586911|96|7166997
kissjessica|96|1430532
cuxindebenren|96|5109124
flower21|96|1567252
55812197|96|5274156
wanger0619|97|1394233
bamboo1988|97|2856983
immortal_3|97|1884610
3087252|97|2884450
74941188|97|6675974
51586911|97|7171137
chairmannirvana|97|5784159
guuuu|97|1407724
70053575|97|7161335
shawtonli|97|3673650
dyshaizi|97|2171566
yangwenming|97|3451221
48924562|97|5448466
kypyy|97|5429033
sosovipp|97|5382878
kw_33|97|4668031
cuxindebenren|97|4601172
4490135|97|4656766
38502674|97|3343321
55025989|97|5241995
gubutong|97|5094962
49898350|97|6121071
68077135|97|7154188
1511195|98|2939514
2744224|98|3115033
alcudish|98|2018545
flower21|98|1595751
Bambus|98|1116419
wanger0619|98|1398786
hamturi|98|3394841
54424275|98|5159164
subplant|98|1572990
1079500|98|1019496
68077135|98|7206456
51586911|98|7168698
waking|98|3578697
2760432|98|1478112
lianlian725|98|5332080
guuuu|98|1251536
apoollo|98|1219452
luzhiyu|99|2962256
dalianhaizao|99|7486591
fuyun521|99|5825576
immortal_3|99|3358086
Bambus|99|5312664
apoollo|99|1433133
51586911|99|7168688
chairmannirvana|99|7109796
57325467|99|7270706
alcudish|99|4487096
maymaomao|99|1132900
ThinkingCat|100|5570349
xichuangzhu|100|5427642
dalianhaizao|100|7474647
54443287|100|6112607
49057955|100|7154299
Felven|100|5541780
51586911|100|7171142
shawtonli|100|6541748
tuxiaoshu|100|5819548
lovemimidog|100|6848915
55025989|100|5479606
chairmannirvana|100|5507795
aixiaoke|101|3027749
LucFrance|101|3123482
ThinkingCat|101|3245378
yysmini|101|3147099
1511195|101|3114475
alcudish|101|3132135
dgch|101|3113135
shenshike|101|3289100
2760432|101|3381751
54443287|101|5219950
LinkinBz|101|3146228
1079500|101|3396127
57325467|101|7289625
51586911|101|7175093
55812197|101|5686500
axinlove|101|3290754
55025989|101|5861006
maymaomao|101|6320897
2006114|101|5365480
zhong13211|101|7392889
shawtonli|101|3430533
qfmeng|101|5012488
littlebasin|101|3322725
6328459|101|6404920
dyshaizi|101|3140054
48924562|101|5406828
kw_33|101|5454171
59458047|101|5346668
54424275|101|5106154
chairmannirvana|101|5037544
littlebasin|103|2052678
alcudish|103|2017426
maoxiaomao|103|1703308
dalianhaizao|103|7486674
hamturi|103|2672778
In-the-cut|103|1028927
jennychang|103|1392519
51586911|103|7172384
kissjessica|103|1392158
bamboo1988|103|5230893
yangwenming|103|2015906
jackchen|103|1204543
lucky_luke|103|1517453
48214047|103|5403209
59458047|103|5344859
flower21|104|1567353
chairmannirvana|104|5544791
maoxiaomao|104|1204377
qfmeng|104|4982397
readmovie|104|7395862
6328459|104|5725426
51715849|104|5715039
ThinkingCat|105|1005049
qfmeng|105|5044494
xichuangzhu|105|5622753
chairmannirvana|105|5613547
Bambus|105|1100573
2760432|105|1483716
1730271|105|6428636
57264381|105|7207031
49270794|105|7111544
1079500|105|1019491
immortal_3|105|1302198
54443287|105|5883295
subplant|105|1574681
axinlove|105|3149984
6328459|105|7106585
maoxiaomao|105|1805760
eillen|105|1434011
shawtonli|105|3776602
bamboo1988|105|3683375
lovemimidog|105|6848855
guuuu|105|1251840
lucky_luke|105|1531925
LucFrance|106|3488646
alcudish|106|4569453
59458047|106|6204163
49270794|106|6432525
55025989|106|6601973
hamturi|106|4879522
73075708|106|6252132
55812197|106|5686477
51586911|106|7177662
shawtonli|106|6518167
bamboo1988|106|4571721
1860252|106|4519809
chairmannirvana|106|5093981
48214047|106|5422296
54443287|106|5184618
tuweri|106|5236043
chenning3288|106|5274294
4490135|106|5527801
49898350|106|6139797
2810458|106|5795719
68077135|106|7154034
axinlove|106|4816626
youyongyu|106|4538381
57264381|106|6257757
MovieL|107|5001560
alcudish|107|5079061
dalianhaizao|107|7487194
57264381|107|6171374
1511195|107|5032957
54443287|107|5232582
immortal_3|107|5012855
NicolaZhai|107|6208269
51586911|107|7173885
1860252|107|5012658
9961192|107|5119088
kypyy|107|5588986
aixiaoke|108|1531273
MovieL|108|1930502
youyongyu|108|2440917
In-the-cut|108|1033735
maoxiaomao|108|1404655
2744224|108|1939149
xichuangzhu|108|6489115
maoxiaomao|108|2029083
1002971|108|1008079
4370686|108|3507624
hamturi|108|1968806
immortal_3|108|1672684
51586911|108|7173772
youyongyu|108|1423706
yysmini|108|1481117
LucFrance|109|2951750
dalianhaizao|109|7483682
sosovipp|109|6279222
49057955|109|7301978
2810458|109|6269912
alcudish|109|1520682
57264381|109|7372634
NicolaZhai|109|6257747
chairmannirvana|109|6858059
51586911|109|7173871
49898350|109|6248212
guuuu|109|1251391
cuxindebenren|109|4602686
1860252|109|1328807
MovieL|110|3125453
50775387|110|5635117
oldtime|110|3158279
cuxindebenren|110|5802881
59458047|110|6444280
dgch|110|3397123
Bambus|110|3551730
immortal_3|110|3383226
dyshaizi|110|3317263
alcudish|110|3203919
LinkinBz|110|3174969
1860252|110|3336504
51586911|110|7176267
70053575|110|7166607
gubutong|110|7113140
lovemimidog|110|6851604
2006114|110|3242497
MovieL|110|3160816
axinlove|110|3329793
waking|110|4524949
2006114|110|4149658
55812197|111|5188351
dalianhaizao|111|7487305
chairmannirvana|111|7113607
4370686|111|2159358
73075708|111|6501582
tomcruiseyy|111|5725915
In-the-cut|112|1024397
Bambus|112|1114448
73075708|112|6497039
immortal_3|112|4480056
readmovie|112|7396866
51586911|112|7176271
blackljx|112|1168443
bamboo1988|112|2206733
shawtonli|112|4785825
chairmannirvana|112|5492635
yangwenming|112|1559269
alcudish|112|1364449
48924562|112|5324820
qfmeng|112|5088425
wanger0619|112|1402712
apoollo|112|1161939
tomcruiseyy|112|1938386
aixiaoke|113|1589546
yysmini|113|1735576
littlebasin|113|1765951
2760432|113|2006588
maoxiaomao|113|1713041
youyongyu|113|2021105
luzhiyu|113|2963939
ThinkingCat|113|1652156
maverick0806|113|6226693
oldtime|113|1621843
dgch|113|4532737
NicolaZhai|113|7166813
LinkinBz|113|1952692
ballwen|113|1991869
49898350|113|7367585
immortal_3|113|1926369
subplant|113|2044843
1079500|113|1646255
eillen|113|2260466
hamturi|113|1732688
gubutong|113|7328782
70053575|113|7192896
51586911|113|7177668
apoollo|113|1959559
shenshike|114|5562988
dgch|114|3838440
6328459|114|5387072
chairmannirvana|114|5652896
57264381|114|7157360
9961192|114|5079512
kissjessica|114|2942618
guuuu|114|3322310
2810458|114|6552530
Felven|114|5294094
50775387|114|5366921
chenning3288|114|5374060
sosovipp|114|5380429
55812197|114|5358990
maverick0806|114|5805698
73075708|114|6134684
qfmeng|114|5013428
In-the-cut|114|1024193
cuxindebenren|114|5307350
aixiaoke|115|1053864
waking|115|2079227
lianlian725|115|5611121
2760432|115|3343439
dalianhaizao|115|7483382
maverick0806|115|6297055
xichuangzhu|115|6453318
shenshike|115|5713645
1002971|115|1035157
2006114|115|7489625
1860252|115|1329032
54443287|115|5663600
57325467|115|7280546
6328459|115|6751424
51586911|115|7180674
lovemimidog|115|6851791
4370686|115|3076479
dalianhaizao|116|7487455
9961192|116|3715368
dgch|116|4532184
alcudish|116|1566276
Bambus|116|6757187
In-the-cut|116|1037049
51586911|116|7175088
76851962|116|6745985
1511195|116|2962171
flower21|116|1351814
zhong13211|116|7450073
kissjessica|116|2886938
2760432|116|1474555
alcudish|117|1369232
qfmeng|117|5109169
flower21|117|1327211
sosovipp|117|6170028
guuuu|117|1492690
immortal_3|117|5508468
lovemimidog|117|6851763
74941188|117|6677046
dahdumiedu|117|6790543
49057955|117|7105119
51586911|117|7179847
syc|117|3549769
48924562|117|5571084
1079500|117|1019768
9961192|117|3673046
shawtonli|117|3746768
2760432|117|1484509
76851962|117|6494165
kypyy|117|5293321
48214047|117|5339215
55025989|117|5242018
kw_33|117|5454131
59458047|117|5344726
54424275|117|5103391
fuyun521|117|5528351
4490135|117|4612300
49270794|118|7157139
55025989|118|7391014
jennychang|118|1340174
ballwen|118|1220531
syc|118|1249148
sosovipp|118|6111600
2760432|118|3345079
gubutong|118|6848558
littlebasin|118|1226146
guuuu|118|1251824
qfmeng|118|5261466
59458047|118|5346641
48924562|118|5296278
jackchen|118|1226225
Bambus|118|1261367
cuxindebenren|118|4598321
chairmannirvana|118|5035979
4490135|118|5090174
yangwenming|118|1535747
2006114|118|5292124
fuyun521|118|5079953
apoollo|118|1219435
shenshike|118|1228269
68292844|118|6210904
tomcruiseyy|118|1945043
jennychang|119|2019646
apoollo|119|1439595
lianlian725|119|6478810
bamboo1988|119|3339664
74941188|119|7119620
57325467|119|7280374
51586911|119|7183337
6328459|119|6769745
kissjessica|119|1396588
sosovipp|119|6317360
lovemimidog|119|6848033
lucky_luke|119|1517291
kypyy|119|5412502
48924562|119|5386515
48214047|119|5401810
59458047|119|5344858
54424275|119|5234838
4490135|119|4966417
50803417|119|5955434
55025989|119|5490287
alcudish|119|1401484
yangwenming|119|2020252
2760432|119|1614390
51715849|119|5521189
68292844|119|6255327
tomcruiseyy|119|1945013
49270794|120|6270687
49898350|120|6752151
1079500|120|1032595
shawtonli|120|6323264
51586911|120|7181955
6328459|120|6254083
bamboo1988|120|4532136
qfmeng|120|5000393
lianlian725|120|1432346
chairmannirvana|120|5036017
chenning3288|120|5051484
tuweri|120|5281026
Bambus|120|6318841
guuuu|120|1304743
74941188|120|6507644
68292844|120|6165894
sosovipp|121|6525640
51586911|121|7184520
chairmannirvana|121|5039321
qfmeng|121|6421929
68292844|121|6168097
alcudish|122|1392919
sosovipp|122|6196612
9961192|122|5600837
lianlian725|122|5611148
1511195|122|2857252
74941188|122|6551044
57325467|122|7279625
51586911|122|7181934
1079500|122|1019756
bamboo1988|122|5105347
6328459|122|6409801
59458047|122|5344867
2760432|122|1615973
jackchen|122|1216743
gubutong|122|3451025
chairmannirvana|122|5036668
50467264|122|5086585
cuxindebenren|122|5125930
readmovie|122|6590786
walden577|122|6279700
yysmini|123|1482536
alcudish|123|3321516
dalianhaizao|123|7481523
hamturi|123|4831118
xichuangzhu|123|6006172
qfmeng|123|3161394
51586911|123|7179850
chairmannirvana|123|6898013
2810458|123|6552519
wanger0619|124|1398585
51586911|124|7183246
38502674|124|5064385
chairmannirvana|124|5208659
readmovie|124|6595031
flower21|124|2097662
73075708|125|6363825
qfmeng|125|4472766
6328459|125|6454747
chairmannirvana|125|5493204
tuweri|125|5488197
55812197|125|5278584
lucky_luke|125|1559346
51715849|125|5523793
ThinkingCat|126|4659868
dyshaizi|126|3341840
waking|126|4530080
Bambus|126|3522888
dgch|126|4090246
hamturi|126|3366877
57264381|126|6850998
51586911|126|7183338
qfmeng|126|4992333
shawtonli|126|3710215
54424275|126|5105346
ThinkingCat|127|1004891
kissjessica|127|2759957
dalianhaizao|127|7487537
xichuangzhu|127|6508036
1002971|127|1059993
Bambus|127|1125449
57264381|127|7463561
jackchen|127|1335855
immortal_3|127|1665718
subplant|127|2988312
70053575|127|7223788
51586911|127|7180678
syc|127|1249101
76851962|127|6537121
chairmannirvana|127|5037602
ThinkingCat|128|1057080
1002971|128|1042126
xichuangzhu|128|5745997
wanger0619|128|1387798
immortal_3|128|7300292
youyongyu|128|1200798
68077135|128|7433504
4490135|128|5568537
51586911|128|7184538
flower21|128|1338893
2760432|128|2911616
maoxiaomao|128|1324448
shawtonli|128|2973078
kypyy|128|5331824
48924562|128|5361174
48214047|128|5340004
59458047|128|5346094
chairmannirvana|128|5035973
littlebasin|129|6104340
54443287|129|6286487
57264381|129|6156536
fuyun521|129|6545891
59458047|129|5992134
4490135|129|6264301
tuweri|129|5915203
chairmannirvana|129|7386074
73075708|129|6200082
bamboo1988|129|5937813
55025989|129|6151452
51586911|129|7200458
kypyy|129|6191399
NicolaZhai|129|5940157
57325467|129|7264512
38502674|129|5963736
sosovipp|129|6668216
shawtonli|129|5907175
68077135|129|7154199
luzhiyu|130|2672761
jennychang|130|1961263
dalianhaizao|130|7480325
immortal_3|130|3132619
6328459|130|6750057
dyshaizi|130|2029262
sosovipp|130|6002337
bamboo1988|130|5264065
51586911|130|7187058
50775387|130|5644876
chairmannirvana|130|5158639
readmovie|130|6590582
youyongyu|131|1185876
54443287|131|5745166
qfmeng|131|5398392
littlebasin|131|1374971
shawtonli|131|5633913
Bambus|131|1115549
1511195|131|2939441
ballwen|131|1059237
1079500|131|1045342
immortal_3|131|1607841
51586911|131|7185731
wanger0619|131|1394560
alcudish|131|1364761
syc|131|1199279
qfmeng|131|5398391
bamboo1988|131|1697732
59458047|131|5344814
kypyy|131|5286982
ThinkingCat|132|2291250
MovieL|132|2304574
flower21|132|2305317
alcudish|132|5641300
immortal_3|132|2258423
1860252|132|2754415
dalianhaizao|132|7479436
Bambus|132|2950506
fuyun521|132|6152314
50775387|132|5651933
3087252|132|2302241
1079500|132|2478718
70053575|132|7187655
chairmannirvana|132|7137538
51586911|132|7184537
waking|132|2890405
dyshaizi|132|2594078
76851962|133|6642258
chairmannirvana|133|5492554
cuxindebenren|133|5921283
51715849|133|5467518
qfmeng|133|4531025
68292844|133|6136016
immortal_3|134|2919505
shenshike|134|1281871
yysmini|134|1361032
sosovipp|134|6314738
dalianhaizao|134|7483951
fuyun521|134|5935871
1079500|134|1175119
readmovie|134|7396355
51586911|134|7185749
lovemimidog|134|6850740
lovemimidog|134|6850739
alcudish|134|1361534
ballwen|134|1130702
49270794|134|5647537
guuuu|134|1253813
maymaomao|134|1238684
MovieL|135|6620150
bamboo1988|135|6590670
NicolaZhai|135|6632557
55025989|135|6668080
3087252|135|6595893
50803417|135|7391406
dalianhaizao|135|7481602
59458047|135|7346611
gubutong|135|7364317
50467264|135|7106605
chairmannirvana|135|7420504
57325467|135|7277146
lovemimidog|135|6704594
shawtonli|135|6671490
38502674|135|6862514
zhong13211|135|7401762
ThinkingCat|135|7192470
walden577|135|6668340
76851962|135|6585032
sosovipp|135|6752224
3087252|135|6595896
Bambus|136|1912433
waking|136|7326189
sosovipp|136|6501411
lianlian725|136|2998139
littlebasin|136|2114139
xichuangzhu|136|5731885
54443287|136|5213364
1079500|136|1028436
51586911|136|7187062
lovemimidog|136|6851927
alcudish|136|1364780
6328459|136|6376684
kypyy|136|5788289
50467264|136|5425089
Bambus|137|1959069
alcudish|137|3501979
51586911|137|7187055
lianlian725|137|2036822
6328459|137|6641641
2744224|137|1481433
chairmannirvana|137|5492575
48924562|137|5395841
gubutong|138|6854254
51586911|138|7188269
qfmeng|138|5713671
yangwenming|138|1584704
alcudish|138|3022171
54424275|138|5830417
chairmannirvana|138|5036003
sosovipp|138|5380347
48924562|138|5316300
68292844|138|6348493
immortal_3|139|2143714
51586911|139|7188259
2760432|139|2048007
48924562|139|5652827
lucky_luke|139|1524754
59458047|139|5345586
48214047|139|5519505
qfmeng|139|4821078
chairmannirvana|139|5038534
xichuangzhu|140|5645439
kypyy|140|6301342
9961192|140|5488889
49270794|140|6096562
alcudish|140|5061582
chairmannirvana|140|6537264
guuuu|140|1363591
57264381|140|6512029
38502674|140|5262217
bamboo1988|140|5116219
fuyun521|140|5002422
chenning3288|140|5051537
51586911|140|7188233
tomcruiseyy|140|5077615
hamturi|141|2151933
51586911|141|7191635
70053575|141|7413596
tuweri|141|5241104
3087252|141|2198249
49270794|141|6541933
chairmannirvana|141|5035994
qfmeng|141|4679425
tomcruiseyy|141|2173252
LucFrance|142|2986854
luzhiyu|142|3255074
dalianhaizao|142|7487594
54443287|142|5726498
readmovie|142|7396174
51586911|142|7185741
hamturi|142|1517643
Felven|142|5295410
6328459|142|5912346
readmovie|142|6590571
68292844|142|6374435
ThinkingCat|143|1574065
MovieL|143|1550520
shenshike|143|1554748
dalianhaizao|143|7478077
apoollo|143|2149512
49057955|143|7340566
bamboo1988|143|5594262
xichuangzhu|143|5645905
alcudish|143|5052476
yysmini|143|2737848
chairmannirvana|143|7157315
lovemimidog|143|6851691
51586911|143|7190364
jennychang|143|5125110
6328459|143|6321744
50803417|143|6618206
axinlove|143|1661036
kypyy|143|5376751
MovieL|144|1034552
ThinkingCat|144|1102126
tuxiaoshu|144|3038590
LinkinBz|144|2323832
immortal_3|144|2438868
youyongyu|144|3551506
ballwen|144|1058480
51586911|144|7192713
chairmannirvana|144|6785099
4370686|144|4978619
55025989|144|6613947
zhong13211|144|7392928
eillen|144|4498893
48214047|144|5343074
tuweri|144|5278026
xichuangzhu|144|5229933
kypyy|144|5457402
50775387|144|5651261
walden577|144|6403376
50803417|144|6159569
apoollo|144|1204148
ThinkingCat|145|1954993
shenshike|145|1565883
xichuangzhu|145|5643078
aixiaoke|145|1248708
qfmeng|145|5200539
apoollo|145|1808191
jackchen|145|1335856
51586911|145|7190427
immortal_3|145|5458296
cuxindebenren|145|4608283
jennychang|145|1396498
alcudish|145|1376171
eillen|146|1402745
ten10|146|1207015
dalianhaizao|146|7487638
alcudish|146|1373376
51586911|146|7194008
6328459|146|6746350
yangwenming|146|1587049
chairmannirvana|146|5492690
readmovie|146|6594683
73075708|146|6302917
qfmeng|146|5315872
MovieL|147|4608912
LucFrance|147|4548052
jennychang|147|4579240
dgch|147|4572125
alcudish|147|4572182
3087252|147|4557250
maverick0806|147|7166737
LinkinBz|147|4701731
youyongyu|147|4588299
70053575|147|7415306
hamturi|147|5002530
2006114|147|4849973
54443287|147|5662521
axinlove|147|4663377
51586911|147|7192721
Felven|147|6453270
9961192|147|4798015
shawtonli|147|5208833
bamboo1988|147|4722226
76851962|147|6532489
dalianhaizao|148|7487874
49270794|148|6769051
lianlian725|148|6328315
In-the-cut|148|1024481
2810458|148|7350143
51586911|148|7191600
57325467|148|7288345
lovemimidog|148|6851234
sosovipp|148|6167740
fuyun521|148|5565875
qfmeng|148|5448974
lucky_luke|148|1540969
50775387|148|5660324
chairmannirvana|148|5131129
MovieL|149|5916750
LucFrance|149|6013225
qfmeng|149|6198562
1511195|149|5992149
NicolaZhai|149|7123898
dalianhaizao|149|7471411
alcudish|149|6231385
48924562|149|6556568
50803417|149|7273134
yysmini|149|5831393
57325467|149|7276924
shawtonli|149|6504376
54424275|149|6183807
76851962|149|6544237
readmovie|149|6590653
51586911|149|6689191
zhong13211|149|7115952
MovieL|150|1037878
yysmini|150|1361026
NicolaZhai|150|7123892
lovemimidog|150|6851638
immortal_3|150|3706433
49057955|150|7231044
kw_33|150|5454493
chairmannirvana|150|5579665
51586911|150|7190450
49270794|150|5828196
ballwen|150|1088037
50803417|150|5575042
59458047|150|5344774
2760432|150|1491337
xichuangzhu|150|4899973
54424275|150|5106103
chenning3288|150|5051517
Felven|150|5486821
kypyy|150|5421053
qfmeng|150|4973861
hamturi|151|2827458
59458047|151|6374433
dalianhaizao|151|7489086
lianlian725|151|6328259
chairmannirvana|151|6564785
51586911|151|7192720
Felven|151|6726608
zhong13211|151|7451717
kissjessica|151|3106542
yangwenming|151|1583104
48214047|151|5345748
1860252|151|1329045
alcudish|151|5722535
50803417|151|6145178
2744224|151|1462958
76851962|151|6397978
qfmeng|151|6104876
tuxiaoshu|152|2038766
tuweri|152|5791067
54424275|152|5607257
maymaomao|152|6324442
51586911|152|7195310
kypyy|152|6006600
chairmannirvana|152|5038217
fuyun521|152|5003810
littlebasin|152|2272349
tomcruiseyy|152|5604288
dyshaizi|153|2895761
tuweri|153|5004637
readmovie|153|7395850
76851962|153|6645999
chairmannirvana|153|5487483
xichuangzhu|153|4969977
qfmeng|153|5022048
chenning3288|153|5274304
51715849|153|5825377
aixiaoke|154|2592664
shenshike|154|1704248
waking|154|2260271
maoxiaomao|154|1703360
eillen|154|2271206
oldtime|154|1864243
immortal_3|154|1817501
jennychang|154|1832646
1511195|154|2962189
dalianhaizao|154|7474281
yysmini|154|1790037
axinlove|154|1655304
Bambus|154|1753443
48924562|154|5598282
dgch|154|4532110
54443287|154|5743346
LinkinBz|154|2117219
2760432|154|2024504
apoollo|154|1959556
jennychang|155|1372405
kypyy|155|5135026
littlebasin|155|1014803
49270794|155|7105913
yangwenming|155|1466449
sosovipp|155|6003466
51586911|155|7194024
74941188|155|6902141
alcudish|155|1364773
bamboo1988|155|2139637
wanger0619|155|1383593
shawtonli|155|3693489
6328459|155|6611376
48214047|155|5422288
cuxindebenren|155|4598388
chairmannirvana|155|5035991
hamturi|155|3440400
dgch|155|4522873
70053575|155|7187778
1079500|155|1020358
tomcruiseyy|155|1953942
68292844|155|6255343
dalianhaizao|156|7489415
kypyy|156|6193061
immortal_3|156|2160115
57264381|156|7470109
chairmannirvana|156|7167819
51586911|156|7191615
76851962|156|6659963
cuxindebenren|156|5124726
lianlian725|156|1432690
3087252|156|1571831
apoollo|156|1123255
jackchen|156|1182642
Bambus|156|1161826
readmovie|156|6590799
shenshike|157|5573171
maverick0806|157|5783729
wanger0619|157|1405671
qfmeng|157|5029223
apoollo|157|1520773
jennychang|157|1377784
lianlian725|157|3055589
70053575|157|7192883
immortal_3|157|5275418
76851962|157|6518220
kissjessica|157|4120706
In-the-cut|157|1024192
chairmannirvana|157|5541483
sosovipp|157|5380427
2006114|157|4612234
50775387|157|5370341
6328459|157|6025738
LucFrance|158|5664397
ThinkingCat|158|5321910
1511195|158|5189055
alcudish|158|5341057
dalianhaizao|158|7430739
shawtonli|158|5260692
maverick0806|158|6715100
51586911|158|7195299
NicolaZhai|158|5663803
59458047|158|5655396
1860252|158|5447348
axinlove|158|5533550
57325467|158|7264420
76851962|158|6555278
lovemimidog|158|6846475
54424275|158|5281998
48214047|158|5534172
xichuangzhu|158|5304520
chairmannirvana|158|5418603
chenning3288|158|5411252
54443287|158|5409749
jennychang|159|2015896
maverick0806|159|6413292
xichuangzhu|159|5708752
wanger0619|159|1394569
51586911|159|6708195
2810458|159|6753058
axinlove|159|1594236
2760432|159|1959691
54424275|159|5106125
59458047|159|5344923
48214047|159|5340007
chairmannirvana|159|5492634
apoollo|159|1177932
cuxindebenren|159|5087989
50803417|159|5558665
sosovipp|159|5390093
yangwenming|159|1609330
qfmeng|159|5133716
1002971|159|1008113
guuuu|159|1253635
flower21|159|2322072
tomcruiseyy|159|6711641
yysmini|160|6490471
dalianhaizao|160|7485160
bamboo1988|160|6507068
NicolaZhai|160|6690296
zhong13211|160|7115954
walden577|160|6488902
76851962|160|6503090
alcudish|161|3608695
MovieL|161|1162801
6328459|161|5269754
LinkinBz|161|3595092
tuweri|161|5836376
57264381|161|7199485
50467264|161|7364625
51586911|161|7198802
littlebasin|161|2975028
38502674|161|4529339
chenning3288|161|5126649
chairmannirvana|161|5037653
1860252|161|1328787
50803417|161|6181180
subplant|161|3566985
48214047|161|5341739
sosovipp|162|6148024
57325467|162|7280083
chairmannirvana|162|7184985
51586911|162|7195303
38502674|162|3339073
bamboo1988|162|5140333
1730271|162|5765329
55812197|163|5382396
51586911|163|7200465
49898350|163|6136949
51586911|164|7197082
bamboo1988|164|1973476
2744224|164|1484959
gubutong|164|3457003
lucky_luke|164|1524080
yangwenming|164|1464766
chairmannirvana|164|5492689
48924562|164|5234050
dahdumiedu|164|5091176
guuuu|164|1336064
1730271|164|5812154
blackljx|164|1168453
Bambus|164|1131773
4370686|165|2158153
axinlove|165|5548484
49057955|165|7362256
dgch|165|4522803
chairmannirvana|165|5594809
sosovipp|165|6154483
maverick0806|165|6133983
73075708|165|6177706
qfmeng|165|5098978
guuuu|165|1358050
lucky_luke|165|1507491
bamboo1988|165|1732883
55812197|165|5191524
76851962|165|6652484
51715849|165|5473615
tomcruiseyy|165|5786425
ThinkingCat|166|1029361
1002971|166|1008179
immortal_3|166|2098211
2744224|166|2209597
wanger0619|166|1401269
luzhiyu|166|4883197
4370686|166|2159366
51586911|166|7197097
lovemimidog|166|6852012
6328459|166|6767512
chairmannirvana|166|6677510
57325467|166|7280090
jennychang|166|1394855
lovemimidog|166|5697991
kissjessica|166|3442954
9961192|166|3463656
2760432|166|3337026
qfmeng|166|4980081
54424275|166|5413194
59458047|166|5346727
55812197|166|5277514
2744224|166|1463576
jackchen|166|1239178
bamboo1988|167|5646316
qfmeng|167|5453345
NicolaZhai|167|7472491
1730271|167|6765614
49898350|167|6242410
51586911|167|7197061
9961192|167|5158439
chairmannirvana|167|5691402
ThinkingCat|168|1011377
LucFrance|168|3217552
waking|168|5281198
4370686|168|4505337
1079500|168|1019694
immortal_3|168|2623069
maverick0806|168|6479152
youyongyu|168|1501233
syc|168|1267958
jennychang|168|1526859
alcudish|168|4580070
68077135|168|7478762
syc|168|1237473
tuxiaoshu|168|1678447
51586911|168|7197147
76851962|168|6495297
74941188|168|6517998
bamboo1988|168|4812597
2760432|168|1490514
59458047|168|5344765
48214047|168|5342923
kw_33|168|4966960
chairmannirvana|168|5036022
yysmini|168|1526881
48924562|168|5570163
maoxiaomao|169|3129772
1002971|169|1209546
hamturi|169|1477586
alcudish|169|1599791
subplant|169|6356310
oldtime|169|2011925
guuuu|169|1251533
In-the-cut|169|1024575
jennychang|169|1391601
qfmeng|170|5170687
70053575|170|7223721
51586911|170|7198764
6328459|170|5265433
chairmannirvana|170|5492683
48924562|170|5355696
48214047|170|5360054
dyshaizi|170|2040321
lucky_luke|170|1540963
fuyun521|170|5800796
waking|171|5028250
jackchen|171|5059330
LucFrance|171|5061363
49270794|171|6558838
LinkinBz|171|5057181
49898350|171|6753009
Bambus|171|5053079
hamturi|171|5082235
In-the-cut|172|1023946
jennychang|172|1338793
alcudish|172|5666018
49270794|172|7154933
2006114|172|6458461
sosovipp|172|6111145
tuweri|172|5260767
6328459|172|6931819
55025989|172|7389648
48924562|172|5295869
51586911|172|7201750
2760432|172|3344222
yangwenming|172|1524882
bamboo1988|172|5241156
gubutong|172|5094951
4490135|172|4962141
chairmannirvana|172|5036475
chenning3288|172|5051494
kypyy|172|5274723
59458047|172|5346637
syc|172|1220766
fuyun521|172|5079946
littlebasin|172|1226143
Bambus|172|1133587
tomcruiseyy|172|1945035
49270794|173|7198619
51586911|173|7200446
70053575|173|7166602
immortal_3|173|2013637
bamboo1988|173|3593510
6328459|173|6590042
maverick0806|173|6284171
Bambus|173|1557875
yangwenming|173|1475522
tuweri|173|5199302
chairmannirvana|173|5038532
48924562|173|5233545
kypyy|173|5241188
48214047|173|5562489
MovieL|174|1261458
waking|174|2898035
Bambus|174|1564575
eillen|174|2713340
2760432|174|1475408
50775387|174|5613711
syc|174|1291211
dalianhaizao|174|7484318
cuxindebenren|174|5569306
9961192|174|3463635
51586911|174|7198655
maverick0806|175|7365881
54424275|175|5613830
chairmannirvana|175|5591466
qfmeng|175|5170099
immortal_3|175|3483001
54443287|175|6255981
50775387|175|5673845
axinlove|175|3801519
tuweri|175|5314872
LinkinBz|175|3675932
49898350|175|6569167
bamboo1988|175|2860390
51715849|175|5579944
maymaomao|175|1085002
dgch|175|3117466
tomcruiseyy|175|5890462
alcudish|176|1414278
1730271|176|6413461
51586911|176|7201746
lucky_luke|176|1926698
dyshaizi|176|2098658
chairmannirvana|176|5492577
48214047|176|5342679
68292844|176|6210809
1002971|177|1007820
littlebasin|177|1226144
syc|177|1249124
2760432|177|3344937
55025989|177|7389976
49270794|177|7155524
sosovipp|177|6111439
gubutong|177|6855533
yangwenming|177|1532009
48924562|177|5296218
59458047|177|5346639
fuyun521|177|5079949
4490135|177|4966047
chairmannirvana|177|5036643
Bambus|177|1134350
jennychang|177|1339247
tomcruiseyy|177|1945042
1002971|178|1032263
dalianhaizao|178|7471801
qfmeng|178|5733327
jennychang|178|1953134
jackchen|178|1371515
51586911|178|7204933
dahdumiedu|178|5809647
57325467|178|7268103
50467264|178|6510636
zhong13211|178|7421116
55812197|178|5539325
2744224|178|1463062
immortal_3|178|1311759
2760432|179|2824010
Felven|179|5468970
chairmannirvana|179|5588555
Bambus|179|1128674
73075708|179|6384346
57264381|179|6931529
immortal_3|179|1275721
49057955|179|7174813
In-the-cut|179|1024144
55812197|179|5691470
blackljx|179|1168041
51586911|179|7205991
readmovie|179|7396362
qfmeng|179|4954942
youyongyu|179|1156513
lucky_luke|179|1567212
cuxindebenren|179|5125969
54424275|179|5106112
kw_33|179|5454332
59458047|179|5346036
LucFrance|180|2871767
bamboo1988|180|5646025
51586911|180|7201805
NicolaZhai|180|5778286
alcudish|180|3720286
yysmini|180|3590661
38502674|180|3322258
cuxindebenren|180|5144853
chairmannirvana|180|5037532
50775387|180|5640742
50467264|180|5883318
hamturi|180|3717502
51715849|180|5724373
68292844|180|6209035
1079500|181|1019513
immortal_3|181|1139271
maoxiaomao|181|1371863
flower21|181|1390068
Bambus|181|1120857
49057955|181|7224270
waking|182|6607707
aixiaoke|182|6632043
MovieL|182|6729890
LucFrance|182|6733704
1511195|182|6869908
54424275|182|6688103
57264381|182|6699153
dalianhaizao|182|7475922
NicolaZhai|182|7388126
57325467|182|7279764
littlebasin|182|7486206
59458047|182|7480474
68077135|182|7390975
chairmannirvana|182|6853508
bamboo1988|182|7166174
6328459|182|6763008
1860252|182|6745844
dahdumiedu|182|6738371
50467264|182|6726676
shawtonli|182|7387725
sosovipp|182|6763317
55025989|182|6712088
49270794|182|6695459
alcudish|183|6172595
ballwen|183|2213828
shenshike|183|1282529
syc|183|1284485
1511195|183|2853736
walden577|183|5620711
immortal_3|183|2713801
55025989|183|7361507
51586911|183|7206006
bamboo1988|183|5639886
1079500|183|2741557
alcudish|183|1361274
littlebasin|183|3055574
2760432|183|2103672
lovemimidog|183|6848577
tuxiaoshu|183|1371496
9961192|184|3916850
chairmannirvana|184|7165091
51586911|184|7204893
maverick0806|184|6304541
flower21|184|1515055
wanger0619|185|1395715
alcudish|185|1537134
2810458|185|6364822
51586911|185|7204830
48214047|185|5357075
lucky_luke|185|1540964
68292844|185|6263207
ballwen|186|1397858
cuxindebenren|186|4601145
flower21|186|1337175
luzhiyu|186|2968531
youyongyu|186|1377858
dalianhaizao|186|7484909
2744224|186|1989176
alcudish|186|1360985
waking|186|3526400
3087252|186|4540217
chairmannirvana|187|6542546
51586911|187|7204879
76851962|187|6534810
55812197|187|5207287
48214047|187|5347793
shawtonli|187|5959085
alcudish|187|1630154
maverick0806|188|2517434
fuyun521|188|6146445
readmovie|188|7401106
qfmeng|188|5120168
chairmannirvana|188|5037635
chenning3288|188|5051258
1730271|188|5764523
jennychang|188|2940626
tomcruiseyy|188|5102427
alcudish|189|2654074
hamturi|189|2905105
50803417|189|6687356
NicolaZhai|189|6218356
51586911|189|7205999
chairmannirvana|189|7155927
walden577|189|6635617
guuuu|189|1484737
9961192|189|5473712
50775387|189|5374334
qfmeng|189|5817199
76851962|189|6414489
1730271|190|7399347
wanger0619|190|1382566
axinlove|190|2404854
51586911|190|7206050
alcudish|190|1409745
chairmannirvana|190|5770726
2744224|190|1466893
qfmeng|190|3652645
kypyy|190|5342393
sosovipp|190|5377445
68077135|190|7154194
1002971|191|1046177
51586911|191|7206061
walden577|191|6201531
immortal_3|191|2155132
70053575|191|7373827
tuxiaoshu|191|5182546
qfmeng|191|5104763
zhong13211|191|7462491
chairmannirvana|191|5492688
kypyy|191|5337155
48214047|191|5365173
59458047|191|5345718
kw_33|191|4971765
50467264|191|6499441
jennychang|191|1502723
subplant|191|1556727
2760432|191|2183678
maverick0806|191|5902332
dgch|191|4594466
bamboo1988|191|1655319
51715849|191|5555765
1079500|191|1019730
68292844|191|6218601
tomcruiseyy|191|1903836
51586911|192|7206041
chairmannirvana|192|5492550
lianlian725|193|5571615
chairmannirvana|193|5625830
73075708|193|6429157
51586911|193|7206276
49057955|193|7120723
qfmeng|193|5292475
dahdumiedu|193|5718788
guuuu|193|1253485
bamboo1988|193|3595023
50467264|193|6017307
50775387|193|5471658
apoollo|194|1425729
6328459|194|5367080
76851962|194|6511538
guuuu|194|1348743
immortal_3|194|1436369
48924562|194|5317889
fuyun521|194|5007680
chairmannirvana|194|5037599
qfmeng|194|4765001
dgch|194|3458129
ten10|194|1209465
51715849|194|5569426
alcudish|196|1398324
immortal_3|196|1574502
eillen|196|2023518
4370686|196|2795703
51586911|196|7206097
guuuu|196|1421356
kw_33|196|4766568
chairmannirvana|196|5035981
bamboo1988|196|4890864
lucky_luke|196|1520489
ballwen|196|2804659
4490135|196|4613859
maoxiaomao|197|1476021
sosovipp|197|6610833
51586911|197|7206888
gubutong|197|6854291
9961192|197|4149490
xichuangzhu|197|5557635
immortal_3|197|2223092
lucky_luke|197|1523839
alcudish|197|1634765
flower21|197|1266930
immortal_3|198|1312216
49270794|198|7210451
sosovipp|198|6098175
alcudish|198|1381473
51586911|198|7206292
gubutong|198|5078252
48924562|198|5290352
chairmannirvana|198|5036008
qfmeng|198|5267752
68292844|198|6208890
tomcruiseyy|198|1939844
In-the-cut|199|1024201
immortal_3|199|4544557
luzhiyu|199|4945467
maverick0806|199|6229711
dgch|199|3133638
wanger0619|199|1389948
qfmeng|199|4569034
1079500|199|1029562
jennychang|199|2015429
59458047|199|5344753
eillen|199|2179435
syc|199|1171652
lovemimidog|199|6852011
51586911|199|7206536
bamboo1988|199|4485693
9961192|199|5123529
ten10|199|1208796
2760432|199|1484774
alcudish|199|1361570
kw_33|199|5454261
chairmannirvana|199|5038068
luzhiyu|200|4963885
aixiaoke|200|1053455
kissjessica|200|1431631
qfmeng|200|4970373
syc|200|1274150
shenshike|200|1273575
jennychang|200|1519224
maverick0806|200|6528961
wanger0619|200|1403269
1079500|200|1019498
alcudish|200|1374235
70053575|200|7356622
51586911|200|7206114
jackchen|200|1436841
ballwen|200|1205437
2760432|200|1475574
wanger0619|200|1398616
guuuu|200|1304602
59458047|200|5344715
In-the-cut|201|1034761
apoollo|201|2755536
maverick0806|201|6289915
alcudish|201|5494889
49057955|201|7188721
68077135|201|7483814
blackljx|201|1168442
2006114|201|6725682
51586911|201|7206545
eillen|201|2105673
chairmannirvana|201|5039331
9961192|201|5672750
qfmeng|201|3283671
68292844|201|6372569
alcudish|202|5218214
9961192|202|5468060
49057955|202|7229984
51586911|202|7206523
kissjessica|202|5249333
chairmannirvana|202|5493159
50775387|202|5679004
50467264|202|5337235
1730271|202|5764198
immortal_3|202|2084753
ThinkingCat|203|5303390
shenshike|203|5222474
1860252|203|5647410
axinlove|203|5288823
fuyun521|203|5996847
immortal_3|203|5299364
3087252|203|5225570
51586911|203|7206906
shawtonli|203|5303207
alcudish|203|5423687
49270794|203|5670233
55025989|203|5376172
kypyy|203|5365133
xichuangzhu|203|5308573
chairmannirvana|203|5261497
chenning3288|203|5274306
cuxindebenren|203|5432352
54424275|203|5098483
qfmeng|203|5241652
68292844|203|6316790
aixiaoke|204|1057135
sosovipp|204|6674758
51586911|204|7206917
chairmannirvana|204|6839436
youyongyu|204|1200797
guuuu|204|1253814
50803417|204|5594978
dahdumiedu|204|5774231
qfmeng|205|5188373
55025989|205|5461913
littlebasin|205|5039760
immortal_3|205|2478100
sosovipp|205|6145386
subplant|205|1563099
hamturi|205|1517635
51586911|205|7206607
kypyy|205|6181000
ten10|205|1209671
49898350|205|6667179
48214047|205|5395476
tuweri|205|5222317
kw_33|205|5231339
4490135|205|4900047
chairmannirvana|205|5036500
lucky_luke|205|1535301
apoollo|205|1123249
bamboo1988|205|2007144
flower21|205|1991505
68292844|205|6372168
ThinkingCat|206|3381502
4370686|206|2161565
qfmeng|206|4941534
6328459|206|5752711
fuyun521|206|5672461
chairmannirvana|206|5571758
51715849|206|5722559
tomcruiseyy|206|5956196
sosovipp|207|6623653
immortal_3|207|1330677
littlebasin|207|4809119
gubutong|207|5090808
51586911|207|7208156
55812197|207|5693595
2744224|207|1465052
lucky_luke|207|1532654
LinkinBz|208|3157472
51586911|208|7207343
chairmannirvana|208|7124845
fuyun521|208|6158820
9961192|208|5080107
6328459|209|5301577
1730271|209|6624816
57264381|209|6777506
immortal_3|209|3377967
49270794|209|6260403
hamturi|209|1549733
48924562|209|5334517
dahdumiedu|209|5001112
lucky_luke|209|1518179
chairmannirvana|209|5036602
alcudish|209|1361559
3087252|210|4532108
alcudish|210|5002353
Bambus|210|4567950
lianlian725|210|5306226
bamboo1988|210|4523191
maoxiaomao|210|4873395
55025989|210|5261095
51586911|210|7207338
aixiaoke|211|1321017
2744224|211|3114946
maverick0806|211|6282013
hamturi|211|4548536
68077135|211|7477826
gubutong|211|6854279
51586911|211|7207330
2760432|211|3183182
guuuu|211|1442169
bamboo1988|211|1884253
50803417|211|6598394
dahdumiedu|211|5035099
54424275|211|5106109
chairmannirvana|211|5037840
48214047|211|5551627
59458047|211|5346256
38502674|211|4555848
49898350|212|6752167
57264381|212|7415314
55025989|212|6624400
zhong13211|212|7443021
NicolaZhai|212|6482856
1860252|212|6149870
chenning3288|212|6523527
qfmeng|212|6329096
immortal_3|213|5961396
ThinkingCat|213|3347042
57264381|213|6675395
49898350|213|7211205
68077135|213|7154343
59458047|213|6190898
alcudish|213|3895793
51586911|213|7209100
maymaomao|213|6292848
bamboo1988|213|3063879
1860252|213|4529660
littlebasin|213|3341605
70053575|213|7161312
gubutong|213|3600318
55025989|213|5241994
tuweri|213|5200642
cuxindebenren|213|4608263
luzhiyu|214|3516105
maverick0806|214|5759765
sosovipp|214|7384838
2810458|214|6552526
chairmannirvana|214|5667835
kypyy|214|6319707
51586911|214|7207361
walden577|214|6366107
ThinkingCat|215|4980916
immortal_3|215|6437939
apoollo|215|2287001
51586911|215|7207332
alcudish|215|1371912
50803417|215|6546275
guuuu|215|1351834
chairmannirvana|215|5036563
Bambus|215|1133161
tuxiaoshu|215|2900102
51715849|215|6013624
aixiaoke|216|2429711
MovieL|216|2762363
alcudish|216|3229108
LucFrance|216|2785636
51586911|216|7207383
axinlove|216|2806948
waking|216|2969827
subplant|216|2975317
dgch|216|3123082
49270794|216|7306974
54443287|216|5802908
jennychang|216|2990889
1511195|216|2835358
lovemimidog|216|6851807
walden577|216|5360697
54424275|216|5103386
55025989|216|5950994
73075708|216|6194123
littlebasin|216|2886872
qfmeng|216|5147536
maymaomao|216|2918544
2760432|216|3271247
cuxindebenren|216|4607250
chairmannirvana|216|5037453
48924562|216|5259104
shawtonli|216|3126788
59458047|216|5346332
kw_33|216|5454510
50775387|216|5643089
LucFrance|217|4927424
MovieL|217|5205940
ThinkingCat|217|5029289
waking|217|4890502
Bambus|217|5089474
Felven|217|5034634
littlebasin|217|5082105
youyongyu|217|5083032
alcudish|217|4933079
shawtonli|217|5092472
LinkinBz|217|5002233
3087252|217|5039557
chenning3288|217|5062782
70053575|217|6694014
hamturi|217|5124268
1860252|217|5037262
6328459|217|6307844
zhong13211|217|7413858
readmovie|217|7386882
50803417|217|6613656
lianlian725|217|5115692
9961192|217|5093404
qfmeng|217|5029225
51586911|217|7209127
aixiaoke|218|3673045
51586911|218|7207351
chairmannirvana|218|6465455
48214047|218|5361319
ThinkingCat|219|1088030
luzhiyu|219|2962074
51586911|219|7207377
chairmannirvana|219|7117298
jennychang|219|1350684
chenning3288|219|5319321
4490135|219|5001905
48214047|219|5359711
walden577|219|5819055
ThinkingCat|220|1005457
alcudish|220|1387262
1511195|220|2844573
1002971|220|1073868
apoollo|220|1142150
In-the-cut|220|1027905
1079500|220|1019514
chairmannirvana|220|7177208
51586911|220|7207378
maymaomao|220|1055851
ten10|220|1209753
50467264|220|5073630
48214047|220|5347818
fuyun521|220|5394727
walden577|220|5348713
kissjessica|220|2881379
51715849|220|5768003
littlebasin|221|1053378
immortal_3|221|3364254
ballwen|221|1381616
59458047|221|6533730
fuyun521|221|6187806
blackljx|221|1070221
51586911|221|7208153
55812197|221|5318928
chairmannirvana|221|5036658
lucky_luke|221|1540958
jennychang|222|1446925
1730271|222|6473303
50803417|222|6667895
sosovipp|222|5497946
51586911|222|7209114
70053575|222|7192886
xichuangzhu|222|5434028
chairmannirvana|222|5036494
yangwenming|222|1616161
59458047|222|6642124
immortal_3|222|3221189
68292844|222|6316744
MovieL|223|1072640
qfmeng|223|5561588
49057955|223|7289418
youyongyu|223|1221491
syc|223|1183263
3087252|223|2568423
51586911|223|7208146
chairmannirvana|223|6848967
54424275|223|6201461
apoollo|223|1425712
cuxindebenren|223|4608285
readmovie|223|6608463
73075708|223|6135894
waking|224|4576894
dgch|224|4601352
maverick0806|224|6245658
alcudish|224|4739517
LucFrance|224|4716320
LinkinBz|224|4695413
57325467|224|7288347
Bambus|224|5427449
axinlove|224|4703072
51586911|224|7209164
gubutong|224|6854299
55812197|224|5686472
6328459|224|6364112
2006114|224|5250523
shawtonli|224|4849367
qfmeng|224|4973862
lianlian725|224|4870176
38502674|224|4916364
59458047|224|5344562
tuweri|224|5410255
fuyun521|224|5514353
4490135|224|4777594
chairmannirvana|224|5039259
dahdumiedu|224|5043782
1860252|225|1328938
1511195|225|2844773
cuxindebenren|225|5735762
maverick0806|225|6208741
ballwen|225|1145399
fuyun521|225|6155044
tuxiaoshu|225|1959860
51586911|225|7209132
lovemimidog|225|6851931
alcudish|225|1363715
littlebasin|225|5066110
kissjessica|225|3059218
eillen|225|3163521
guuuu|225|1363141
chairmannirvana|225|5039089
gubutong|225|5114405
bamboo1988|225|5555449
walden577|225|6185995
1730271|225|5898629
Bambus|225|1115484
48924562|225|5407335
alcudish|226|5637287
jackchen|226|1217190
NicolaZhai|226|6229729
2744224|226|5115135
oldtime|226|2065397
eillen|226|1515214
qfmeng|226|5146514
immortal_3|226|1573726
kw_33|226|5401402
chairmannirvana|226|5036489
51586911|226|6579472
In-the-cut|226|1031636
gubutong|226|3660255
yangwenming|226|1561396
6328459|226|5378862
68292844|226|5956189
alcudish|227|5461242
lianlian725|227|6744053
54443287|227|5578190
6328459|227|6739218
74941188|227|6671127
readmovie|227|7396179
51586911|227|7209162
LinkinBz|227|5451674
51715849|227|5511342
50775387|228|5612774
maymaomao|228|1328584
subplant|228|1428016
54424275|228|6271336
chairmannirvana|228|7088536
51586911|228|7103832
50467264|228|5670250
shawtonli|228|5272954
48214047|228|5338790
readmovie|228|6608309
51715849|228|5638524
68292844|228|6208841
ThinkingCat|229|1539361
alcudish|229|5602495
ballwen|229|1215515
chairmannirvana|229|5568141
51586911|229|7209108
axinlove|229|3486656
wanger0619|229|1387730
qfmeng|229|4994418
1511195|229|2896712
jennychang|229|1333732
54443287|229|5191635
54424275|229|5098477
51715849|229|5992461
subplant|230|1445373
alcudish|230|5081347
tuxiaoshu|230|2010023
51586911|230|7209092
chairmannirvana|230|6473722
guuuu|230|1459494
dyshaizi|230|2876090
38502674|230|5037491
tuweri|230|5230088
bamboo1988|230|5097391
51715849|230|5695744
4370686|230|3379082
ThinkingCat|231|2858785
LucFrance|231|2738179
luzhiyu|231|2782086
2760432|231|2806983
1511195|231|2920526
49898350|231|6687465
49057955|231|7257185
youyongyu|231|2791292
alcudish|231|2927521
immortal_3|231|2720105
51586911|231|7209419
6328459|231|6742505
axinlove|231|2859178
LinkinBz|231|5000449
shawtonli|231|2968828
54424275|231|5102398
55025989|231|5242052
chairmannirvana|231|5038116
59458047|231|5345956
cuxindebenren|231|4608107
dahdumiedu|231|5027486
dyshaizi|231|2904909
wanger0619|232|1387595
xichuangzhu|232|5611752
49270794|232|7204625
lianlian725|232|7403363
51586911|232|7209473
chairmannirvana|232|7166211
qfmeng|232|5233521
cuxindebenren|232|5109108
51715849|232|5532480
ThinkingCat|233|1524143
Bambus|233|1124546
73075708|233|6508072
49057955|233|7352942
jennychang|233|1954610
lianlian725|233|2048544
51586911|233|7209148
kissjessica|233|2020669
4370686|233|2161770
48214047|233|5564028
50803417|233|5670436
lucky_luke|233|1516132
bamboo1988|233|5193539
MovieL|234|6375538
immortal_3|234|6469704
3087252|234|6280955
55025989|234|6668182
littlebasin|234|7371716
49270794|234|7350907
1860252|234|6548705
chairmannirvana|234|7414571
57325467|234|7276927
zhong13211|234|7401337
bamboo1988|234|6291405
50467264|234|6433787
sosovipp|234|6668583
NicolaZhai|234|6287132
walden577|234|6385891
76851962|234|6567092
luzhiyu|235|4928760
51586911|235|7209384
bamboo1988|235|3098436
qfmeng|235|4923300
54424275|235|5142402
chairmannirvana|235|5058573
syc|235|1165692
9961192|235|4572009
dalianhaizao|236|7482774
oldtime|236|2937362
1079500|236|1368478
alcudish|236|1387696
38502674|236|4965704
51586911|236|7209134
70053575|236|7187636
guuuu|236|1403993
2760432|236|1575748
9961192|236|4250274
1860252|236|1359161
59458047|236|5344816
cuxindebenren|236|4605961
apoollo|237|1244241
alcudish|237|1360107
sosovipp|237|6149611
51586911|237|7209418
49270794|237|6111048
tuxiaoshu|237|4997289
bamboo1988|237|2995437
qfmeng|237|5129417
57264381|237|5424856
kypyy|237|5284478
chairmannirvana|237|5089088
50467264|237|5407860
1002971|237|1106388
hamturi|237|2009110
51715849|237|5551984
aixiaoke|237|1055652
68292844|237|6255500
1002971|237|1023948
tomcruiseyy|237|1903316
youyongyu|238|4628123
chenning3288|238|5135232
immortal_3|238|4995276
49270794|238|6261990
kypyy|238|6238207
51586911|238|7209637
chairmannirvana|238|6884685
2006114|238|6682743
76851962|238|6661761
Felven|238|5750918
38502674|238|4529337
zhong13211|238|7435377
51715849|238|5352343
Bambus|239|5610847
51586911|239|7209634
kypyy|239|5725163
54424275|240|5659771
LinkinBz|240|5649526
alcudish|240|5649752
tuweri|240|5647093
bamboo1988|240|5883063
4490135|240|6559676
54443287|240|5788119
59458047|240|5992099
fuyun521|240|5980895
chairmannirvana|240|7385224
shawtonli|240|6519650
NicolaZhai|240|5651402
49898350|240|6162096
dahdumiedu|240|6762220
49270794|240|5804606
dgch|241|3162964
Bambus|241|1115489
qfmeng|241|6262268
alcudish|241|2827557
2810458|241|6121385
maoxiaomao|241|1439826
dalianhaizao|241|5383326
51586911|241|7209503
readmovie|241|7396098
zhong13211|241|7432213
apoollo|241|1123266
lianlian725|241|1440072
chairmannirvana|241|5515796
hamturi|242|3181257
51586911|242|7209515
lianlian725|242|5326785
walden577|242|5255822
shenshike|243|5184248
alcudish|243|1364704
4370686|243|5578827
dalianhaizao|243|7483202
immortal_3|243|2558832
51586911|243|7209449
6328459|243|7302083
2760432|243|2038077
59458047|243|5345570
yangwenming|243|1565035
1511195|243|2842347
1860252|243|1329104
ThinkingCat|244|1016021
shenshike|244|1236456
dalianhaizao|244|7469489
wanger0619|244|1401217
51586911|244|7209435
lucky_luke|244|1516833
chairmannirvana|244|5812947
48924562|244|5651126
qfmeng|244|5286622
shawtonli|245|4598923
alcudish|245|1364601
dyshaizi|245|2045628
lovemimidog|245|6851820
readmovie|245|7401067
51586911|245|7209548
kypyy|245|5796330
chairmannirvana|245|5036015
gubutong|245|5073783
sosovipp|245|6201945
yangwenming|245|1541930
2744224|245|5609296
76851962|245|6233435
guuuu|245|1428143
aixiaoke|246|2061595
sosovipp|246|6197711
gubutong|246|6863728
51586911|246|7209623
alcudish|246|4603695
4490135|246|5709555
dyshaizi|246|2798129
chairmannirvana|246|5039209
tomcruiseyy|246|5563204
flower21|247|1969529
qfmeng|247|6195366
ThinkingCat|247|1442681
Bambus|247|1152592
ten10|247|1209455
ballwen|247|1112303
51586911|247|7209151
chairmannirvana|247|7174595
eillen|247|1549427
2760432|247|1485342
guuuu|247|1259139
maoxiaomao|248|1313972
shenshike|248|5258435
fuyun521|248|5570667
73075708|248|6558370
hamturi|248|3153867
49270794|248|7124212
sosovipp|248|6172269
51586911|248|7209586
gubutong|248|5786832
yangwenming|248|1479910
chenning3288|248|5195125
chairmannirvana|248|5493156
dahdumiedu|248|5053040
48214047|248|5554747
Bambus|248|1100534
ballwen|249|1069800
shenshike|249|1119497
1002971|249|1089067
51586911|249|7209647
maoxiaomao|249|1200352
guuuu|249|1252314
lianlian725|249|1670966
chairmannirvana|249|5036720
3087252|249|1701505
chairmannirvana|250|5492685
